(
(-0.099375 -0.0)
(-0.098125 -0.0)
(-0.096875 -0.0)
(-0.095625 -0.0)
(-0.094375 -0.0)
(-0.093125 -0.0)
(-0.091875 -0.0)
(-0.090625 -0.0)
(-0.089375 -0.0)
(-0.088125 -0.0)
(-0.086875 -0.0)
(-0.085625 -0.0)
(-0.084375 -0.0)
(-0.083125 -0.0)
(-0.081875 -0.0)
(-0.080625 -0.0)
(-0.079375 -0.0)
(-0.078125 -0.0)
(-0.076875 -0.0)
(-0.075625 -0.0)
(-0.074375 -0.0)
(-0.073125 -0.0)
(-0.071875 -0.0)
(-0.070625 -0.0)
(-0.069375 -0.0)
(-0.068125 -0.0)
(-0.066875 -0.0)
(-0.065625 -0.0)
(-0.064375 -0.0)
(-0.063125 -0.0)
(-0.061875 -0.0)
(-0.060625 -0.0)
(-0.059375 -0.0)
(-0.058124999999999996 -0.0)
(-0.056875 -0.0)
(-0.055625 -0.0)
(-0.054375 -0.0)
(-0.053125 -0.0)
(-0.051875 -0.0)
(-0.050625 -0.0)
(-0.049375 -0.0)
(-0.048125 -0.0)
(-0.046875 -0.0)
(-0.045625 -0.0)
(-0.044375 -0.0)
(-0.043125 -0.0)
(-0.041875 -0.0)
(-0.040625 -0.0)
(-0.039375 -0.0)
(-0.038125 -0.0)
(-0.036875 -0.0)
(-0.035625000000000004 -0.0)
(-0.034375 -0.0)
(-0.033125 -0.0)
(-0.031875 -0.0)
(-0.030625 -0.0)
(-0.029375 -0.0)
(-0.028125 -0.0)
(-0.026875 -0.0)
(-0.025625000000000002 -0.0)
(-0.024375 -0.0)
(-0.023125 -0.0)
(-0.021875 -0.0)
(-0.020625 -0.0)
(-0.019375 -0.0)
(-0.018125000000000002 -0.0)
(-0.016875 -0.0)
(-0.015625 -0.0)
(-0.014374999999999999 -0.0)
(-0.013125000000000001 -0.0)
(-0.011875 -0.0)
(-0.010624999999999999 -0.0)
(-0.009375000000000001 -0.0)
(-0.008125 -0.0)
(-0.006875 -0.0)
(-0.005625 -0.0)
(-0.004375 -0.0)
(-0.003125 -0.0)
(-0.001875 -0.0)
(-0.000625 -0.0)
(0.000625 -0.0)
(0.001875 -0.0)
(0.003125 -0.0)
(0.004375 0.0)
(0.005625 0.0)
(0.006875 0.0)
(0.008125 0.0)
(0.009375000000000001 0.0)
(0.010624999999999999 0.0)
(0.011875 0.0)
(0.013125000000000001 0.0)
(0.014374999999999999 0.0)
(0.015625 0.0)
(0.016875 0.0)
(0.018125000000000002 0.0)
(0.019375 0.0)
(0.020625 0.0)
(0.021875 0.0)
(0.023125 0.0)
(0.024375 0.0)
(0.025625000000000002 0.0)
(0.026875 0.0)
(0.028125 0.0)
(0.029375 0.0)
(0.030625 0.0)
(0.031875 0.0)
(0.033125 0.0)
(0.034375 -0.0)
(0.035625000000000004 -0.0)
(0.036875 -0.0)
(0.038125 -0.0)
(0.039375 -0.0)
(0.040625 -0.0)
(0.041875 -0.0)
(0.043125 -0.0)
(0.044375 -0.0)
(0.045625 -0.0)
(0.046875 -0.0)
(0.048125 -0.0)
(0.049375 -0.0)
(0.050625 -0.0)
(0.051875 -0.0)
(0.053125 -0.0)
(0.054375 -0.0)
(0.055625 -0.0)
(0.056875 -0.0)
(0.058124999999999996 0.0)
(0.059375 0.0)
(0.060625 0.0)
(0.061875 0.0)
(0.063125 0.0)
(0.064375 0.0)
(0.065625 0.0)
(0.066875 0.0)
(0.068125 0.0)
(0.069375 0.0)
(0.070625 0.0)
(0.071875 0.0)
(0.073125 0.0)
(0.074375 0.0)
(0.075625 -0.0)
(0.076875 -0.0)
(0.078125 -0.0)
(0.079375 -0.0)
(0.080625 -0.0)
(0.081875 -0.0)
(0.083125 -0.0)
(0.084375 -0.0)
(0.085625 -0.0)
(0.086875 -0.0)
(0.088125 -0.0)
(0.089375 0.0)
(0.090625 -0.0)
(0.091875 -0.0)
(0.093125 0.0)
(0.094375 0.0)
(0.095625 0.0)
(0.096875 0.0)
(0.098125 0.0)
(0.099375 0.0)
(0.100625 0.0)
(0.101875 0.0)
(0.103125 0.0)
(0.104375 0.0)
(0.105625 0.0)
(0.106875 0.0)
(0.108125 0.0)
(0.109375 0.0)
(0.110625 0.0)
(0.111875 -0.0)
(0.113125 -0.0)
(0.114375 -0.0)
(0.115625 -0.0)
(0.116875 -0.0)
(0.118125 -0.0)
(0.119375 -0.0)
(0.120625 -0.0)
(0.121875 -0.0)
(0.123125 -0.0)
(0.124375 -0.0)
(0.125625 -0.0)
(0.12687500000000002 0.0)
(0.128125 0.0)
(0.12937500000000002 0.0)
(0.130625 0.0)
(0.13187500000000002 0.0)
(0.133125 0.0)
(0.13437500000000002 0.0)
(0.135625 0.0)
(0.13687500000000002 0.0)
(0.138125 0.0)
(0.13937500000000003 0.0)
(0.140625 0.0)
(0.14187499999999997 0.0)
(0.143125 0.0)
(0.14437499999999998 0.0)
(0.145625 0.0)
(0.14687499999999998 -0.0)
(0.148125 0.0)
(0.14937499999999998 0.0)
(0.150625 0.0)
(0.15187499999999998 0.0)
(0.153125 0.0)
(0.15437499999999998 0.0)
(0.155625 0.0)
(0.156875 0.0)
(0.15812500000000002 0.0)
(0.159375 0.0)
(0.16062500000000002 -0.0)
(0.161875 -0.0)
(0.16312500000000002 -0.0)
(0.164375 0.0)
(0.16562500000000002 0.0)
(0.166875 0.0)
(0.16812500000000002 0.0)
(0.169375 -0.0)
(0.17062500000000003 0.0)
(0.171875 0.0)
(0.17312499999999997 -0.0)
(0.174375 -0.0)
(0.17562499999999998 -0.0)
(0.176875 -0.0)
(0.17812499999999998 0.0)
(0.179375 0.0)
(0.18062499999999998 0.0)
(0.181875 0.0)
(0.18312499999999998 0.0)
(0.184375 0.0)
(0.18562499999999998 0.0)
(0.186875 -0.0)
(0.188125 -0.0)
(0.18937500000000002 -0.0)
(0.190625 -0.0)
(0.19187500000000002 -0.0)
(0.193125 0.0)
(0.19437500000000002 0.0)
(0.195625 0.0)
(0.19687500000000002 0.0)
(0.198125 0.0)
(0.19937500000000002 0.0)
(0.200625 0.0)
(0.20187500000000003 0.0)
(0.203125 0.0)
(0.20437499999999997 0.0)
(0.205625 -0.0)
(0.20687499999999998 -0.0)
(0.208125 -0.0)
(0.20937499999999998 -0.0)
(0.210625 -0.0)
(0.21187499999999998 0.0)
(0.213125 -0.0)
(0.21437499999999998 -0.0)
(0.215625 -0.0)
(0.21687499999999998 -0.0)
(0.218125 -0.0)
(0.219375 -0.0)
(0.22062500000000002 0.0)
(0.221875 0.0)
(0.22312500000000002 0.0)
(0.224375 0.0)
(0.22562500000000002 0.0)
(0.226875 0.0)
(0.22812500000000002 0.0)
(0.229375 0.0)
(0.23062500000000002 0.0)
(0.231875 0.0)
(0.23312500000000003 0.0)
(0.234375 -0.0)
(0.23562499999999997 -0.0)
(0.236875 -0.0)
(0.23812499999999998 -0.0)
(0.239375 -0.0)
(0.24062499999999998 0.0)
(0.241875 0.0)
(0.24312499999999998 0.0)
(0.244375 0.0)
(0.24562499999999998 0.0)
(0.246875 0.0)
(0.24812499999999998 0.0)
(0.249375 0.0)
(0.250625 0.0)
(0.25187499999999996 0.0)
(0.253125 0.0)
(0.254375 0.0)
(0.255625 0.0)
(0.25687499999999996 0.0)
(0.258125 0.0)
(0.259375 0.0)
(0.260625 0.0)
(0.26187499999999997 0.0)
(0.263125 0.0)
(0.264375 0.0)
(0.265625 0.0)
(0.266875 0.0)
(0.268125 0.0)
(0.26937500000000003 0.0)
(0.270625 0.0)
(0.271875 0.0)
(0.273125 0.0)
(0.27437500000000004 0.0)
(0.275625 0.0)
(0.276875 0.0)
(0.278125 0.0)
(0.27937500000000004 0.0)
(0.280625 0.0)
(0.281875 0.0)
(0.28312499999999996 0.0)
(0.284375 0.0)
(0.285625 0.0)
(0.286875 0.0)
(0.28812499999999996 0.0)
(0.289375 0.0)
(0.290625 -0.0)
(0.291875 -0.0)
(0.29312499999999997 -0.0)
(0.294375 0.0)
(0.295625 0.0)
(0.296875 0.0)
(0.298125 0.0)
(0.299375 0.0)
(0.30062500000000003 0.0)
(0.301875 0.0)
(0.303125 0.0)
(0.304375 0.0)
(0.30562500000000004 0.0)
(0.306875 -0.0)
(0.308125 -0.0)
(0.309375 -0.0)
(0.31062500000000004 -0.0)
(0.311875 -0.0)
(0.313125 -0.0)
(0.31437499999999996 -0.0)
(0.315625 0.0)
(0.316875 0.0)
(0.318125 0.0)
(0.31937499999999996 0.0)
(0.320625 0.0)
(0.321875 0.0)
(0.323125 0.0)
(0.32437499999999997 0.0)
(0.325625 0.0)
(0.326875 0.0)
(0.328125 0.0)
(0.329375 0.0)
)
