(
(-0.099375 1.05667e-05)
(-0.098125 -1.01424e-07)
(-0.096875 1.01015e-07)
(-0.095625 -9.36517e-08)
(-0.094375 1.03824e-07)
(-0.093125 -9.04684e-08)
(-0.091875 1.0716e-07)
(-0.090625 -8.65997e-08)
(-0.089375 1.11162e-07)
(-0.088125 -8.19919e-08)
(-0.086875 1.15795e-07)
(-0.085625 -7.67598e-08)
(-0.084375 1.20872e-07)
(-0.083125 -7.11757e-08)
(-0.081875 1.26069e-07)
(-0.080625 -6.56483e-08)
(-0.079375 1.30954e-07)
(-0.078125 -6.06707e-08)
(-0.076875 1.35066e-07)
(-0.075625 -5.67411e-08)
(-0.074375 1.37988e-07)
(-0.073125 -5.42906e-08)
(-0.071875 1.39412e-07)
(-0.070625 -5.36273e-08)
(-0.069375 1.39169e-07)
(-0.068125 -5.49103e-08)
(-0.066875 1.37239e-07)
(-0.065625 -5.81639e-08)
(-0.064375 1.33696e-07)
(-0.063125 -6.33251e-08)
(-0.061875 1.28635e-07)
(-0.060625 -7.0301e-08)
(-0.059375 1.22114e-07)
(-0.058124999999999996 -7.8986e-08)
(-0.056875 1.14147e-07)
(-0.055625 -8.92104e-08)
(-0.054375 1.04796e-07)
(-0.053125 -1.00598e-07)
(-0.051875 9.43664e-08)
(-0.050625 -1.12378e-07)
(-0.049375 8.36317e-08)
(-0.048125 -1.2328e-07)
(-0.046875 7.40181e-08)
(-0.045625 -1.31534e-07)
(-0.044375 6.7497e-08)
(-0.043125 -1.35352e-07)
(-0.041875 6.58668e-08)
(-0.040625 -1.33909e-07)
(-0.039375 6.96969e-08)
(-0.038125 -1.28397e-07)
(-0.036875 7.70344e-08)
(-0.035625000000000004 -1.22709e-07)
(-0.034375 8.2842e-08)
(-0.033125 -1.22687e-07)
(-0.031875 8.00759e-08)
(-0.030625 -1.33425e-07)
(-0.029375 6.30506e-08)
(-0.028125 -1.5506e-07)
(-0.026875 3.2482e-08)
(-0.025625000000000002 -1.79187e-07)
(-0.024375 -8.973e-11)
(-0.023125 -1.89346e-07)
(-0.021875 -1.24702e-08)
(-0.020625 -1.68845e-07)
(-0.019375 1.90695e-08)
(-0.018125000000000002 -1.1534e-07)
(-0.016875 1.00255e-07)
(-0.015625 -5.2337e-08)
(-0.014374999999999999 1.96843e-07)
(-0.013125000000000001 -1.61932e-08)
(-0.011875 2.37043e-07)
(-0.010624999999999999 -2.22402e-09)
(-0.009375000000000001 1.74373e-07)
(-0.008125 7.58682e-08)
(-0.006875 1.0445e-07)
(-0.005625 2.51768e-07)
(-0.004375 3.39463e-07)
(-0.003125 3.11865e-08)
(-0.001875 5.17694e-07)
(-0.000625 -0.00898421)
(0.000625 -0.037474)
(0.001875 -0.0387295)
(0.003125 -0.0417954)
(0.004375 -0.0411455)
(0.005625 -0.0413905)
(0.006875 -0.0413702)
(0.008125 -0.0413968)
(0.009375000000000001 -0.0414177)
(0.010624999999999999 -0.0414598)
(0.011875 -0.0414598)
(0.013125000000000001 -0.0414598)
(0.014374999999999999 -0.0414598)
(0.015625 -0.0414598)
(0.016875 -0.0414598)
(0.018125000000000002 -0.0414598)
(0.019375 -0.0414598)
(0.020625 -0.0414598)
(0.021875 -0.0414598)
(0.023125 -0.0414598)
(0.024375 -0.0414598)
(0.025625000000000002 -0.0414598)
(0.026875 -0.0414503)
(0.028125 -0.041352)
(0.029375 -0.0403637)
(0.030625 -0.0351077)
(0.031875 -0.0351076)
(0.033125 -0.0351078)
(0.034375 -0.0396179)
(0.035625000000000004 -0.0396179)
(0.036875 -0.0396179)
(0.038125 -0.0396179)
(0.039375 -0.0396179)
(0.040625 -0.0396179)
(0.041875 -0.0396179)
(0.043125 -0.0396179)
(0.044375 -0.0396179)
(0.045625 -0.0396179)
(0.046875 -0.0396179)
(0.048125 -0.0396179)
(0.049375 -0.0396179)
(0.050625 -0.0396179)
(0.051875 -0.0396179)
(0.053125 -0.0396179)
(0.054375 -0.0396179)
(0.055625 -0.0396179)
(0.056875 -0.0396179)
(0.058124999999999996 -0.0349576)
(0.059375 -0.0349576)
(0.060625 -0.0349576)
(0.061875 -0.039631)
(0.063125 -0.0394442)
(0.064375 -0.035589)
(0.065625 -0.0355889)
(0.066875 -0.035589)
(0.068125 -0.038958)
(0.069375 -0.038958)
(0.070625 -0.038958)
(0.071875 -0.0375409)
(0.073125 -0.0375408)
(0.074375 -0.0375409)
(0.075625 -0.0396278)
(0.076875 -0.0394917)
(0.078125 -0.0359581)
(0.079375 -0.0359581)
(0.080625 -0.0359581)
(0.081875 -0.0396295)
(0.083125 -0.0396295)
(0.084375 -0.0396295)
(0.085625 -0.0396295)
(0.086875 -0.0390017)
(0.088125 -0.0390017)
(0.089375 -0.0390017)
(0.090625 -0.0396409)
(0.091875 -0.0396409)
(0.093125 -0.0396409)
(0.094375 -0.0396409)
(0.095625 -0.0396409)
(0.096875 -0.0396409)
(0.098125 -0.0396409)
(0.099375 -0.0338712)
(0.100625 -0.0338711)
(0.101875 -0.0338712)
(0.103125 -0.0391394)
(0.104375 -0.0391394)
(0.105625 -0.0391394)
(0.106875 -0.0391394)
(0.108125 -0.0346916)
(0.109375 -0.0346916)
(0.110625 -0.0346916)
(0.111875 -0.0396132)
(0.113125 -0.0393849)
(0.114375 -0.0349036)
(0.115625 -0.0349035)
(0.116875 -0.0349036)
(0.118125 -0.0398318)
(0.119375 -0.0398318)
(0.120625 -0.0398318)
(0.121875 -0.0398318)
(0.123125 -0.0398318)
(0.124375 -0.0398318)
(0.125625 -0.0398318)
(0.12687500000000002 -0.0398318)
(0.128125 -0.0398318)
(0.12937500000000002 -0.0398318)
(0.130625 -0.0398318)
(0.13187500000000002 -0.0398318)
(0.133125 -0.0398318)
(0.13437500000000002 -0.0398318)
(0.135625 -0.0398318)
(0.13687500000000002 -0.0396689)
(0.138125 -0.0396689)
(0.13937500000000003 -0.0396689)
(0.140625 -0.0398426)
(0.14187499999999997 -0.0398426)
(0.143125 -0.0398426)
(0.14437499999999998 -0.0398425)
(0.145625 -0.0398425)
(0.14687499999999998 -0.0383778)
(0.148125 -0.0383778)
(0.14937499999999998 -0.0383778)
(0.150625 -0.03958)
(0.15187499999999998 -0.03958)
(0.153125 -0.03958)
(0.15437499999999998 -0.03958)
(0.155625 -0.03958)
(0.156875 -0.0363552)
(0.15812500000000002 -0.0363551)
(0.159375 -0.0363552)
(0.16062500000000002 -0.0395442)
(0.161875 -0.0395442)
(0.16312500000000002 -0.0395442)
(0.164375 -0.0395442)
(0.16562500000000002 -0.0395442)
(0.166875 -0.0395442)
(0.16812500000000002 -0.0395442)
(0.169375 -0.0338516)
(0.17062500000000003 -0.0338515)
(0.171875 -0.0338516)
(0.17312499999999997 -0.0395268)
(0.174375 -0.0395267)
(0.17562499999999998 -0.0395267)
(0.176875 -0.0395267)
(0.17812499999999998 -0.0395267)
(0.179375 -0.0395267)
(0.18062499999999998 -0.0395267)
(0.181875 -0.0395267)
(0.18312499999999998 -0.0348498)
(0.184375 -0.0348497)
(0.18562499999999998 -0.0348498)
(0.186875 -0.0395796)
(0.188125 -0.0395796)
(0.18937500000000002 -0.0395796)
(0.190625 -0.0395796)
(0.19187500000000002 -0.0395796)
(0.193125 -0.0395796)
(0.19437500000000002 -0.0395796)
(0.195625 -0.0395796)
(0.19687500000000002 -0.0395796)
(0.198125 -0.0395796)
(0.19937500000000002 -0.0395796)
(0.200625 -0.0395796)
(0.20187500000000003 -0.0343559)
(0.203125 -0.0343558)
(0.20437499999999997 -0.0343559)
(0.205625 -0.0389415)
(0.20687499999999998 -0.0389415)
(0.208125 -0.0389415)
(0.20937499999999998 -0.0349459)
(0.210625 -0.0349458)
(0.21187499999999998 -0.0349459)
(0.213125 -0.0395332)
(0.21437499999999998 -0.0395332)
(0.215625 -0.0395332)
(0.21687499999999998 -0.0395332)
(0.218125 -0.0395332)
(0.219375 -0.0395332)
(0.22062500000000002 -0.0395332)
(0.221875 -0.0395332)
(0.22312500000000002 -0.0395332)
(0.224375 -0.0351927)
(0.22562500000000002 -0.0351927)
(0.226875 -0.0351927)
(0.22812500000000002 -0.0396024)
(0.229375 -0.0393637)
(0.23062500000000002 -0.034622)
(0.231875 -0.0346219)
(0.23312500000000003 -0.034622)
(0.234375 -0.0398178)
(0.23562499999999997 -0.0398364)
(0.236875 -0.0395321)
(0.23812499999999998 -0.0395321)
(0.239375 -0.0395321)
(0.24062499999999998 -0.0397753)
(0.241875 -0.0397753)
(0.24312499999999998 -0.0397753)
(0.244375 -0.0397753)
(0.24562499999999998 -0.0395213)
(0.246875 -0.0395213)
(0.24812499999999998 -0.0395213)
(0.249375 -0.039761)
(0.250625 -0.039761)
(0.25187499999999996 -0.039761)
(0.253125 -0.039761)
(0.254375 -0.0359952)
(0.255625 -0.0359952)
(0.25687499999999996 -0.0359952)
(0.258125 -0.03954)
(0.259375 -0.03954)
(0.260625 -0.03954)
(0.26187499999999997 -0.03954)
(0.263125 -0.03954)
(0.264375 -0.03954)
(0.265625 -0.03954)
(0.266875 -0.0345383)
(0.268125 -0.0345382)
(0.26937500000000003 -0.0345383)
(0.270625 -0.0395315)
(0.271875 -0.0395315)
(0.273125 -0.0395315)
(0.27437500000000004 -0.0395315)
(0.275625 -0.0395314)
(0.276875 -0.0395314)
(0.278125 -0.0395314)
(0.27937500000000004 -0.0375429)
(0.280625 -0.0375429)
(0.281875 -0.0375429)
(0.28312499999999996 -0.0395608)
(0.284375 -0.0395608)
(0.285625 -0.0395608)
(0.286875 -0.0395608)
(0.28812499999999996 -0.0395608)
(0.289375 -0.0395608)
(0.290625 -0.0347571)
(0.291875 -0.0347571)
(0.29312499999999997 -0.0347571)
(0.294375 -0.0396681)
(0.295625 -0.0396681)
(0.296875 -0.0396681)
(0.298125 -0.0396681)
(0.299375 -0.0396681)
(0.30062500000000003 -0.0396681)
(0.301875 -0.0396681)
(0.303125 -0.0371591)
(0.304375 -0.037159)
(0.30562500000000004 -0.0371591)
(0.306875 -0.039554)
(0.308125 -0.039554)
(0.309375 -0.039554)
(0.31062500000000004 -0.039554)
(0.311875 -0.039554)
(0.313125 -0.039554)
(0.31437499999999996 -0.039554)
(0.315625 -0.0348071)
(0.316875 -0.0348071)
(0.318125 -0.0348071)
(0.31937499999999996 -0.0396966)
(0.320625 -0.0396966)
(0.321875 -0.0396966)
(0.323125 -0.0396966)
(0.32437499999999997 -0.0396966)
(0.325625 -0.0396966)
(0.326875 -0.0396966)
(0.328125 -0.0396966)
(0.329375 -0.0396966)
)
