(
(-0.099375 1.01407e-05)
(-0.098125 -3.39761e-07)
(-0.096875 9.06468e-08)
(-0.095625 -1.03279e-07)
(-0.094375 8.80915e-08)
(-0.093125 -1.07036e-07)
(-0.091875 8.31348e-08)
(-0.090625 -1.12266e-07)
(-0.089375 7.72128e-08)
(-0.088125 -1.18426e-07)
(-0.086875 7.03437e-08)
(-0.085625 -1.25358e-07)
(-0.084375 6.28008e-08)
(-0.083125 -1.32694e-07)
(-0.081875 5.50618e-08)
(-0.080625 -1.39893e-07)
(-0.079375 4.77586e-08)
(-0.078125 -1.46316e-07)
(-0.076875 4.15813e-08)
(-0.075625 -1.51331e-07)
(-0.074375 3.71741e-08)
(-0.073125 -1.54415e-07)
(-0.071875 3.50416e-08)
(-0.070625 -1.55221e-07)
(-0.069375 3.54953e-08)
(-0.068125 -1.5361e-07)
(-0.066875 3.86446e-08)
(-0.065625 -1.49613e-07)
(-0.064375 4.44477e-08)
(-0.063125 -1.43351e-07)
(-0.061875 5.2787e-08)
(-0.060625 -1.34943e-07)
(-0.059375 6.35283e-08)
(-0.058124999999999996 -1.24461e-07)
(-0.056875 7.65004e-08)
(-0.055625 -1.11991e-07)
(-0.054375 9.13615e-08)
(-0.053125 -9.78368e-08)
(-0.051875 1.0736e-07)
(-0.050625 -8.28035e-08)
(-0.049375 1.23112e-07)
(-0.048125 -6.84618e-08)
(-0.046875 1.36509e-07)
(-0.045625 -5.71973e-08)
(-0.044375 1.45019e-07)
(-0.043125 -5.16101e-08)
(-0.041875 1.46722e-07)
(-0.040625 -5.32641e-08)
(-0.039375 1.4173e-07)
(-0.038125 -6.10797e-08)
(-0.036875 1.33492e-07)
(-0.035625000000000004 -7.01063e-08)
(-0.034375 1.28843e-07)
(-0.033125 -7.19992e-08)
(-0.031875 1.3572e-07)
(-0.030625 -5.82103e-08)
(-0.029375 1.58354e-07)
(-0.028125 -2.581e-08)
(-0.026875 1.91623e-07)
(-0.025625000000000002 1.62395e-08)
(-0.024375 2.18372e-07)
(-0.023125 4.47421e-08)
(-0.021875 2.14487e-07)
(-0.020625 2.93757e-08)
(-0.019375 1.64119e-07)
(-0.018125000000000002 -4.75386e-08)
(-0.016875 7.90949e-08)
(-0.015625 -1.64506e-07)
(-0.014374999999999999 2.07249e-09)
(-0.013125000000000001 -2.52201e-07)
(-0.011875 -3.37037e-08)
(-0.010624999999999999 -2.41957e-07)
(-0.009375000000000001 -7.35937e-08)
(-0.008125 -1.77919e-07)
(-0.006875 -2.078e-07)
(-0.005625 -3.00068e-07)
(-0.004375 -2.29093e-07)
(-0.003125 -3.1333e-07)
(-0.001875 -8.8086e-05)
(-0.000625 0.00603571)
(0.000625 -0.00590611)
(0.001875 0.00505639)
(0.003125 -0.00402725)
(0.004375 0.0030732)
(0.005625 -0.00228623)
(0.006875 0.00167797)
(0.008125 -0.00122576)
(0.009375000000000001 0.000896737)
(0.010624999999999999 -0.000659296)
(0.011875 0.000487666)
(0.013125000000000001 -0.000362667)
(0.014374999999999999 0.000270773)
(0.015625 -0.000202666)
(0.016875 0.000151914)
(0.018125000000000002 -0.000113983)
(0.019375 8.55944e-05)
(0.020625 -6.43299e-05)
(0.021875 4.83864e-05)
(0.023125 -3.64172e-05)
(0.024375 2.74187e-05)
(0.025625000000000002 -2.06447e-05)
(0.026875 1.55405e-05)
(0.028125 -1.16927e-05)
(0.029375 8.79233e-06)
(0.030625 -6.60714e-06)
(0.031875 4.96201e-06)
(0.033125 -3.72457e-06)
(0.034375 2.79459e-06)
(0.035625000000000004 -2.09625e-06)
(0.036875 1.57217e-06)
(0.038125 -1.17906e-06)
(0.039375 8.84273e-07)
(0.040625 -6.6327e-07)
(0.041875 4.97594e-07)
(0.043125 -3.73417e-07)
(0.044375 2.80363e-07)
(0.045625 -2.10676e-07)
(0.046875 1.5854e-07)
(0.048125 -1.19625e-07)
(0.049375 9.06835e-08)
(0.050625 -6.93201e-08)
(0.051875 5.37427e-08)
(0.053125 -4.08011e-08)
(0.054375 3.0177e-08)
(0.055625 -2.16439e-08)
(0.056875 1.49555e-08)
(0.058124999999999996 -9.88399e-09)
(0.059375 6.18386e-09)
(0.060625 -3.62616e-09)
(0.061875 1.96828e-09)
(0.063125 -9.85377e-10)
(0.064375 4.55225e-10)
(0.065625 -1.99314e-10)
(0.066875 8.365e-11)
(0.068125 -3.4904e-11)
(0.069375 1.4171e-11)
(0.070625 -6.141e-12)
(0.071875 2.694e-12)
(0.073125 -9.08e-13)
(0.074375 5.71e-13)
(0.075625 -3.7e-14)
(0.076875 2.29e-13)
(0.078125 1.22e-13)
(0.079375 1.57e-13)
(0.080625 1.39e-13)
(0.081875 1.56e-13)
(0.083125 1.53e-13)
(0.084375 1.51e-13)
(0.085625 1.46e-13)
(0.086875 1.42e-13)
(0.088125 1.34e-13)
(0.089375 1.22e-13)
(0.090625 1.16e-13)
(0.091875 1.17e-13)
(0.093125 1.14e-13)
(0.094375 1.09e-13)
(0.095625 1.03e-13)
(0.096875 9.8e-14)
(0.098125 8.9e-14)
(0.099375 7.9e-14)
(0.100625 6.9e-14)
(0.101875 6.2e-14)
(0.103125 5.2e-14)
(0.104375 4.3e-14)
(0.105625 3.1e-14)
(0.106875 2.2e-14)
(0.108125 6e-15)
(0.109375 1.8e-14)
(0.110625 1.2e-14)
(0.111875 -1.1e-14)
(0.113125 -6e-15)
(0.114375 -8e-15)
(0.115625 -6e-15)
(0.116875 -7e-15)
(0.118125 -6e-15)
(0.119375 -5e-15)
(0.120625 -5e-15)
(0.121875 -5e-15)
(0.123125 -5e-15)
(0.124375 -4e-15)
(0.125625 -4e-15)
(0.12687500000000002 -4e-15)
(0.128125 -3e-15)
(0.12937500000000002 -3e-15)
(0.130625 -3e-15)
(0.13187500000000002 -3e-15)
(0.133125 -2e-15)
(0.13437500000000002 -2e-15)
(0.135625 -2e-15)
(0.13687500000000002 -2e-15)
(0.138125 -2e-15)
(0.13937500000000003 -1e-15)
(0.140625 -1e-15)
(0.14187499999999997 -1e-15)
(0.143125 -1e-15)
(0.14437499999999998 -1e-15)
(0.145625 -1e-15)
(0.14687499999999998 -0.0)
(0.148125 -0.0)
(0.14937499999999998 -0.0)
(0.150625 -0.0)
(0.15187499999999998 0.0)
(0.153125 0.0)
(0.15437499999999998 0.0)
(0.155625 0.0)
(0.156875 0.0)
(0.15812500000000002 0.0)
(0.159375 0.0)
(0.16062500000000002 0.0)
(0.161875 0.0)
(0.16312500000000002 0.0)
(0.164375 0.0)
(0.16562500000000002 0.0)
(0.166875 0.0)
(0.16812500000000002 0.0)
(0.169375 0.0)
(0.17062500000000003 0.0)
(0.171875 0.0)
(0.17312499999999997 0.0)
(0.174375 0.0)
(0.17562499999999998 0.0)
(0.176875 0.0)
(0.17812499999999998 0.0)
(0.179375 0.0)
(0.18062499999999998 0.0)
(0.181875 0.0)
(0.18312499999999998 0.0)
(0.184375 -0.0)
(0.18562499999999998 -0.0)
(0.186875 0.0)
(0.188125 -0.0)
(0.18937500000000002 0.0)
(0.190625 0.0)
(0.19187500000000002 -0.0)
(0.193125 0.0)
(0.19437500000000002 -0.0)
(0.195625 0.0)
(0.19687500000000002 0.0)
(0.198125 0.0)
(0.19937500000000002 0.0)
(0.200625 0.0)
(0.20187500000000003 0.0)
(0.203125 0.0)
(0.20437499999999997 0.0)
(0.205625 0.0)
(0.20687499999999998 0.0)
(0.208125 0.0)
(0.20937499999999998 0.0)
(0.210625 0.0)
(0.21187499999999998 0.0)
(0.213125 0.0)
(0.21437499999999998 0.0)
(0.215625 0.0)
(0.21687499999999998 0.0)
(0.218125 0.0)
(0.219375 0.0)
(0.22062500000000002 0.0)
(0.221875 0.0)
(0.22312500000000002 -0.0)
(0.224375 -0.0)
(0.22562500000000002 -0.0)
(0.226875 -0.0)
(0.22812500000000002 -0.0)
(0.229375 0.0)
(0.23062500000000002 0.0)
(0.231875 -0.0)
(0.23312500000000003 -0.0)
(0.234375 -0.0)
(0.23562499999999997 -0.0)
(0.236875 -0.0)
(0.23812499999999998 -0.0)
(0.239375 0.0)
(0.24062499999999998 0.0)
(0.241875 0.0)
(0.24312499999999998 0.0)
(0.244375 0.0)
(0.24562499999999998 0.0)
(0.246875 0.0)
(0.24812499999999998 0.0)
(0.249375 0.0)
(0.250625 0.0)
(0.25187499999999996 0.0)
(0.253125 0.0)
(0.254375 0.0)
(0.255625 0.0)
(0.25687499999999996 0.0)
(0.258125 0.0)
(0.259375 0.0)
(0.260625 0.0)
(0.26187499999999997 -0.0)
(0.263125 -0.0)
(0.264375 -0.0)
(0.265625 -0.0)
(0.266875 -0.0)
(0.268125 -0.0)
(0.26937500000000003 0.0)
(0.270625 0.0)
(0.271875 -0.0)
(0.273125 -0.0)
(0.27437500000000004 -0.0)
(0.275625 -0.0)
(0.276875 -0.0)
(0.278125 -0.0)
(0.27937500000000004 0.0)
(0.280625 0.0)
(0.281875 0.0)
(0.28312499999999996 0.0)
(0.284375 0.0)
(0.285625 0.0)
(0.286875 0.0)
(0.28812499999999996 0.0)
(0.289375 0.0)
(0.290625 0.0)
(0.291875 0.0)
(0.29312499999999997 0.0)
(0.294375 0.0)
(0.295625 0.0)
(0.296875 0.0)
(0.298125 0.0)
(0.299375 0.0)
(0.30062500000000003 0.0)
(0.301875 0.0)
(0.303125 0.0)
(0.304375 0.0)
(0.30562500000000004 0.0)
(0.306875 0.0)
(0.308125 0.0)
(0.309375 0.0)
(0.31062500000000004 0.0)
(0.311875 0.0)
(0.313125 0.0)
(0.31437499999999996 0.0)
(0.315625 0.0)
(0.316875 0.0)
(0.318125 0.0)
(0.31937499999999996 0.0)
(0.320625 0.0)
(0.321875 -0.0)
(0.323125 -0.0)
(0.32437499999999997 -0.0)
(0.325625 -0.0)
(0.326875 -0.0)
(0.328125 -0.0)
(0.329375 0.0)
)
