/*--------------------------------*- C++ -*----------------------------------*\
| =========                 |                                                 |
| \\      /  F ield         | OpenFOAM: The Open Source CFD Toolbox           |
|  \\    /   O peration     | Version:  2206                                  |
|   \\  /    A nd           | Website:  www.openfoam.com                      |
|    \\/     M anipulation  |                                                 |
\*---------------------------------------------------------------------------*/
FoamFile
{
    version     2.0;
    format      ascii;
    arch        "LSB;label=32;scalar=64";
    class       volScalarField;
    location    "1";
    object      pff;
}
// * * * * * * * * * * * * * * * * * * * * * * * * * * * * * * * * * * * * * //

dimensions      [1 -1 -2 0 0 0 0];

internalField   nonuniform List<scalar> 
13078
(
7.51687
193.3257
740.6406
709.2069
650.3835
588.4855
524.7054
256.8761
800.4415
778.7359
714.5423
652.9399
590.0809
526.0731
911.8533
858.0097
787.4588
720.8004
656.444
592.3174
527.7741
941.8937
863.0532
792.2602
725.4489
659.7227
594.6339
529.591
942.4339
864.9902
795.0084
727.7326
662.3871
596.8167
531.377
939.836
864.9488
796.1789
729.1069
663.5603
598.6735
533.0842
937.6018
864.3131
796.7695
730.1147
664.3596
599.3773
534.5913
936.0741
863.625
797.1006
730.6845
664.8421
599.8553
535.0719
935.0434
863.051
797.0135
730.8603
665.1255
600.1982
535.4199
934.3423
862.6248
796.8851
730.9418
665.3142
600.4512
535.6953
933.8603
862.3124
796.7787
730.9845
665.4533
600.6536
535.9358
933.4968
862.11
796.7085
731.0172
665.5646
600.8287
536.1462
933.2426
861.9587
796.6661
731.0609
665.6639
600.9865
536.3453
933.0458
861.8615
796.656
731.1353
665.7985
601.1481
536.5445
932.9055
861.8013
796.687
731.5685
666.3965
601.3531
536.7387
932.7989
861.7744
796.7562
732.1274
666.8876
601.5431
536.9414
932.7114
861.7515
796.8082
732.2721
667.0576
601.7217
537.1505
932.6374
861.7587
796.8762
732.4058
667.2264
601.9097
537.3713
932.5773
861.7784
796.9634
732.5478
667.429
602.1561
537.6016
932.5267
861.8195
797.074
732.75
668.1248
603.0367
537.8991
932.489
861.8555
797.1942
732.9769
668.9833
603.7743
538.2056
932.4376
861.9054
797.3163
733.1643
669.2876
604.0802
538.488
932.3934
861.9717
797.4648
733.3856
669.5629
604.4338
538.8573
932.3441
862.0333
797.6215
733.6271
669.9304
605.4063
540.058
932.2844
862.1072
797.7886
733.8974
670.3344
606.6059
541.0828
932.2189
862.1856
797.9899
734.201
670.7207
607.1334
541.5952
932.1163
862.2612
798.2037
734.5375
671.1527
607.6506
542.1829
932.0018
862.3469
798.4396
734.9121
671.656
608.2881
543.5964
931.8676
862.4337
798.6988
735.3361
672.2273
609.0272
545.3573
931.8574
862.6921
799.0323
735.8187
672.8574
609.7689
546.2929
931.813
862.9123
799.3743
736.3598
673.5749
610.617
547.3061
931.5161
863.2536
800.2305
737.0565
674.3802
611.576
548.4498
931.0932
863.677
801.3946
738.5195
675.3904
612.6752
549.6325
930.5574
863.8187
802.538
739.7855
676.5462
613.9473
550.993
929.9399
863.9284
803.3034
741.4705
678.8101
615.5816
552.5732
929.2586
864.1261
804.1978
743.6509
681.7521
618.6024
554.549
928.6069
864.51
805.288
745.4511
684.8693
621.3681
556.8825
928.1996
865.2492
806.7744
747.4209
687.375
625.0445
561.0227
928.1805
866.5472
808.8387
750.085
690.7487
630.3904
565.8392
929.0858
869.1468
812.4698
755.338
697.72
638.8834
575.2699
931.3732
874.8773
821.9474
767.5897
713.1768
655.1526
591.2702
937.4032
887.3193
842.4872
794.9374
739.8711
677.0403
602.3885
950.686
913.0875
878.446
833.162
772.0637
689.5474
600.4232
976.9679
953.1305
922.6755
868.2283
786.3276
690.898
586.51
1019.999
1001.056
959.8723
882.7098
785.0538
681.5505
574.7376
1077.845
1044.484
982.6066
886.586
780.6359
678.4852
567.132
1147.011
1072.077
987.458
888.2145
792.2019
685.6325
572.3325
1219.403
1088.686
996.6144
898.5553
811.2069
705.1417
585.4369
1286.17
1103.243
1007.993
917.922
827.4949
715.8065
596.6386
1346.13
1123.852
1021.315
930.4272
837.0975
728.9284
607.9575
1402.729
1160.205
1046.442
934.268
833.8043
725.4431
609.9167
1454.965
1200.178
1069.384
944.7886
832.1528
715.5165
599.805
1503.897
1246.605
1086.992
947.3323
818.1634
690.6673
581.7514
1544.008
1292.065
1119.547
960.8803
812.6032
681.6778
583.0044
1568.973
1326.355
1144.734
973.2502
812.5277
681.7041
589.5501
1575.234
1344.467
1159.484
981.7754
816.1767
685.0875
594.3965
1578.964
1349.394
1164.601
986.8453
820.6824
688.9405
597.8656
1576.232
1334.886
1153.63
982.314
821.1127
689.3492
597.0055
1554.322
1302.978
1130.949
973.1551
825.2107
693.8933
595.4612
1518.547
1262.154
1103.302
965.4809
838.3342
711.1996
600.6545
1472.503
1218.418
1090.682
969.2214
858.7415
742.527
624.8669
1421.178
1178.398
1064.375
954.089
860.1755
756.8472
641.9233
1362.939
1139.386
1039.658
953.3968
867.4291
766.4548
646.9223
1302.036
1118.277
1027.286
942.3606
859.3858
755.6659
637.8231
1233.342
1101.851
1014.995
922.4094
841.4097
741.3543
626.5629
1159.58
1083.267
1002.754
908.3587
818.2787
719.6919
612.6586
1088.355
1054.4
994.4126
903.3966
803.5894
708.8243
604.1937
1028.139
1010.284
969.727
895.7247
803.9601
706.4503
605.7754
982.6531
960.7171
931.4467
878.1957
799.9364
710.3221
610.8827
954.3508
918.4467
885.44
841.3701
781.7834
703.6011
617.7694
939.752
890.6596
847.2036
801.1589
747.4216
684.9569
612.2662
932.9994
877.0863
825.0469
771.816
717.9053
659.8793
595.8164
930.2843
870.8925
814.8301
757.9496
700.445
641.5087
577.9516
929.2072
868.0397
810.656
751.8076
692.3137
632.0666
567.4965
929.0489
866.4463
808.1302
748.7688
688.4825
626.1631
562.1389
929.3223
865.398
806.2539
746.2878
685.1463
621.9279
557.6195
929.82
864.788
804.8281
744.3031
682.0047
618.6059
555.0591
930.3718
864.4413
803.8099
741.9886
679.3017
616.009
552.9943
930.8853
864.1896
802.9264
740.1775
676.92
614.2937
551.2955
931.3507
863.9827
801.7126
738.8202
675.6748
612.9249
549.843
931.7582
863.5017
800.475
737.2795
674.593
611.765
548.5861
932.0265
863.1276
799.5615
736.5442
673.737
610.7522
547.4029
932.04
862.8722
799.1909
735.9598
672.9846
609.8631
546.3636
932.026
862.5852
798.8311
735.4481
672.3172
609.0987
545.4113
932.1468
862.4844
798.5507
735.0093
671.7279
608.3477
543.6468
932.2553
862.3836
798.2994
734.6094
671.2183
607.7054
542.2143
932.3447
862.297
798.076
734.2579
670.7757
607.1776
541.621
932.3938
862.1978
797.8584
733.9457
670.378
606.6334
541.098
932.4465
862.1092
797.6747
733.6816
669.9686
605.4317
540.0739
932.4834
862.0436
797.5145
733.4297
669.5985
604.4591
538.8662
932.5172
861.9688
797.362
733.2008
669.3185
604.0986
538.5016
932.5522
861.9135
797.2375
733.0005
668.9954
603.7847
538.2126
932.5818
861.8646
797.106
732.7643
668.1328
603.0405
537.8953
932.62
861.8155
796.9858
732.5537
667.432
602.1518
537.5917
932.6626
861.7814
796.8809
732.4111
667.231
601.9078
537.3667
932.7123
861.7547
796.8043
732.2728
667.0598
601.7254
537.1536
932.7762
861.753
796.7435
732.1172
666.885
601.5468
536.9425
932.8498
861.7516
796.6571
731.5517
666.391
601.3525
536.7369
932.9457
861.7796
796.601
731.109
665.7888
601.1476
536.5485
933.0877
861.8377
796.5889
731.029
665.658
600.9948
536.3608
933.2675
861.9536
796.6129
730.9807
665.5637
600.8528
536.183
933.5347
862.1059
796.6591
730.9439
665.4671
600.7034
535.9983
933.8937
862.3197
796.7362
730.9097
665.3598
600.5395
535.7934
934.3816
862.6194
796.8412
730.8681
665.2324
600.3475
535.5658
935.0714
863.0561
796.9501
730.7875
665.0572
600.0954
535.2875
936.0911
863.628
796.7581
730.4166
664.7557
599.7567
534.8997
937.6206
864.3146
796.5262
729.7797
664.2555
599.244
533.5063
939.8498
864.9877
796.1884
729.0757
663.5052
597.6283
531.9206
942.4038
865.0345
795.0482
727.7908
661.3949
595.7042
530.2321
941.7167
863.1095
792.5919
724.5318
658.6795
593.5589
528.4455
910.1544
858.9267
786.6372
719.8943
655.4634
591.2524
526.6265
259.6938
806.6573
779.8883
713.2978
651.6303
588.8359
524.8283
459.3284
389.8946
314.9406
258.4046
183.8776
110.6419
38.68662
460.65
391.3024
316.3626
259.7519
185.0056
111.5345
40.11033
462.1341
392.7576
317.8547
242.7735
186.0966
112.4145
41.07532
463.6879
394.2446
319.2656
262.6414
187.2517
113.304
41.99737
465.2242
395.7541
320.7508
264.0494
188.403
114.2003
42.70236
466.7404
397.2713
322.2512
265.4939
189.5507
115.1003
43.40767
468.2113
398.7741
323.7473
266.8984
189.8858
116.0053
44.11453
469.547
400.2598
325.2339
268.2793
190.1988
116.9091
44.82668
469.933
401.632
326.6511
269.6889
191.1267
117.7279
45.54732
470.2226
402.0099
327.977
271.0996
192.0504
118.5517
46.27646
470.4767
402.293
328.3432
272.4765
192.9785
119.3799
47.01571
470.7206
402.5744
328.6284
272.7876
193.9158
120.2152
47.76416
470.9526
402.8495
328.9199
273.0673
194.0861
121.0728
48.52213
471.1848
403.1243
329.2175
273.3594
194.2767
121.2495
49.2824
471.4166
403.4114
329.5255
273.66
194.4789
121.4546
49.32318
471.6587
403.708
329.8433
273.9734
194.6959
121.6749
49.39791
471.9064
404.016
330.1697
274.3091
195.0178
121.9041
49.41203
472.1651
404.3259
330.5176
274.8026
197.8291
122.1472
49.40411
472.4338
404.6352
330.8735
275.1612
198.227
122.3938
49.42022
472.7196
404.9623
331.248
275.5375
198.5546
122.653
49.40149
473.0175
405.3069
331.6361
275.9339
198.8965
122.9239
49.28254
473.3434
405.6718
332.0379
276.358
199.255
123.2095
49.24257
473.6839
406.06
332.4739
276.763
199.708
123.5098
49.19098
474.1255
406.4771
332.9553
258.9181
202.4574
123.9761
49.13769
474.59
406.9205
333.437
277.6854
203.9202
124.3545
49.06851
475.0377
407.3919
333.9536
278.2667
204.4709
124.7106
48.98043
475.6339
407.9441
334.5326
278.8393
205.0387
125.1418
48.80981
477.3276
408.5571
335.1178
279.4364
205.8033
128.5519
48.61234
478.714
426.5603
354.1034
280.0795
206.5223
129.9037
48.46147
479.6657
427.3005
354.8846
280.7982
207.2053
130.453
48.26342
482.1628
429.7678
355.7144
281.5824
207.9483
132.9349
48.09958
484.1979
432.2137
356.6312
282.4597
208.7706
136.0146
47.94919
485.6275
435.9542
357.8677
283.4343
209.67
136.8932
47.91126
487.0478
437.7127
360.9751
284.5132
210.6536
138.046
52.16854
488.6736
439.4555
364.6553
285.7898
211.7132
139.0541
52.82246
490.5579
441.3398
369.4123
287.6573
212.7805
139.9588
71.79883
492.7113
443.5187
371.5036
292.2968
213.7494
140.6736
61.25626
495.5113
446.0096
373.6035
295.7403
213.9695
138.5465
73.27412
499.3933
449.1928
375.3496
297.4068
207.6505
125.1289
82.81836
506.4682
453.2884
372.4882
283.1152
190.0784
108.3852
66.35046
511.7101
452.5339
355.3391
253.4082
167.2562
99.2392
47.93742
512.478
442.5502
327.3398
219.201
150.2696
98.49745
45.73797
493.8774
421.8741
298.5209
204.1622
148.9921
108.0432
51.29388
467.1275
390.4697
268.8034
193.0715
149.0931
108.9477
58.28681
448.8761
365.9097
248.6343
185.8484
154.0888
105.4934
59.60265
444.5721
340.9589
224.7023
185.9558
148.8112
107.3667
54.23768
439.2966
329.008
213.2973
180.5473
146.1179
102.6686
60.27602
444.5205
323.7348
215.0301
182.775
144.7363
103.826
84.05349
462.4787
342.2443
220.2604
184.0775
153.499
107.0925
85.40847
473.5568
346.687
213.0872
182.8319
146.645
117.4209
93.99057
462.9378
349.1656
205.5853
175.0166
152.9909
129.133
103.1321
447.0998
326.3628
197.3064
176.8463
165.2581
131.2332
82.43557
447.8546
320.6984
202.5866
184.4275
171.8806
133.1013
101.97
465.8185
338.1066
220.7616
198.8278
191.0678
153.7524
128.3381
492.0445
377.5556
252.5966
226.2499
205.5385
238.4156
111.5035
508.1835
409.288
287.7632
264.1284
248.7659
231.2616
511.8966
422.1253
299.8867
281.4414
266.3145
243.1615
500.8929
413.9756
273.8729
248.8484
238.6074
239.513
479.5935
379.452
238.6389
222.0276
208.4172
194.8054
141.0827
465.1359
345.3712
215.9513
196.9019
185.9638
144.1819
86.45629
469.0623
331.9019
208.4886
186.3652
166.1792
137.4343
93.28203
490.9302
356.9729
213.8198
182.4634
163.431
135.5329
91.08018
507.8554
389.0836
219.4152
186.0825
153.6523
125.8201
99.20151
499.3091
385.8444
236.8715
194.5141
157.063
116.4825
93.84019
483.1005
378.8937
236.0891
194.9752
152.5681
115.8751
85.89712
479.0716
369.2932
239.235
188.0426
154.366
106.5869
71.17128
483.8048
379.6558
246.4445
197.2939
151.362
116.1562
55.40736
486.2053
385.9777
270.0849
204.5534
163.7465
111.9832
62.30155
497.9185
404.7784
292.4361
216.0153
167.5106
116.2813
65.61075
514.314
424.8147
312.2497
227.503
165.7927
121.1462
62.78626
524.237
445.354
338.6769
232.3542
165.7626
112.0053
52.60201
518.2704
454.7307
358.8617
250.2216
169.4205
104.3151
45.83897
509.1755
453.4584
372.0707
277.1097
187.1894
106.7724
52.73594
500.9693
449.9265
376.6535
293.8963
200.6498
115.8165
74.21135
496.5122
446.6423
375.4151
298.4267
211.1984
131.563
82.69628
493.4003
443.9785
373.0891
293.9511
214.0695
140.525
69.72984
491.0485
441.7832
370.8424
290.4476
213.4334
140.5239
61.94319
489.0243
439.8695
367.7103
286.771
212.3981
139.6212
54.2453
487.2877
438.1648
363.2051
285.2498
211.2871
138.6093
52.54092
485.7931
436.5719
358.8505
284.0648
210.2372
137.5158
50.70687
484.3111
433.6276
357.3277
283.0067
209.2733
136.4991
47.91514
482.249
431.164
356.2206
282.0602
208.3969
135.3599
48.05839
479.7129
427.817
355.3278
281.213
207.5957
130.932
48.16657
478.7476
426.7375
354.4911
280.4619
206.8758
130.1862
48.35033
477.3554
408.5739
335.1289
279.7221
206.1885
129.6147
48.50362
475.6539
407.958
334.5409
279.1253
205.39
126.4456
48.66773
475.0517
407.4041
333.9671
278.5522
204.74
124.8899
48.84612
474.6027
406.9283
333.441
278.0112
204.176
124.5166
48.95097
474.1333
406.4768
332.9399
277.4941
203.5702
124.1656
49.04688
473.687
406.0602
332.4753
276.9986
200.6138
123.7015
49.10503
473.3446
405.6689
332.0346
276.5349
199.4165
123.3345
49.16018
473.0196
405.2962
331.6199
276.1049
199.049
123.0421
49.22958
472.7141
404.9505
331.2298
275.6915
198.6958
122.7638
49.26516
472.4224
404.6241
330.8541
275.3061
198.3639
122.4981
49.30854
472.1569
404.3134
330.502
274.937
198.0485
122.2455
49.32724
471.8998
404.004
330.157
274.4931
196.5583
122
49.31762
471.6547
403.6994
329.8305
274.0921
194.7862
121.7649
49.29853
471.4175
403.4095
329.5174
273.7639
194.5681
121.5399
49.26957
471.1925
403.1304
329.2163
273.4469
194.3592
121.3272
49.23993
470.9721
402.8647
328.9245
273.1473
194.1657
121.1295
48.80365
470.7574
402.6028
328.645
272.8521
193.9802
120.6144
48.04349
470.5367
402.3375
328.3696
272.5704
193.4325
119.7786
47.29143
470.3088
402.0726
328.015
271.7263
192.5112
118.9477
46.54911
470.0544
401.72
326.705
270.3167
191.5887
118.1241
45.81801
469.7155
400.3821
325.3097
268.8967
190.6705
117.3034
45.09687
468.4404
398.9306
323.8442
267.4732
189.7918
116.4465
44.38586
467.029
397.4587
322.3638
266.1237
190.0975
115.5421
43.68305
465.5666
395.9615
320.876
264.6969
188.9854
114.6422
42.98619
464.0564
394.4467
319.3848
263.2793
187.8428
113.7479
42.29189
462.4859
392.9253
317.8975
261.864
186.7036
112.8581
41.51447
460.9179
391.4258
316.4224
260.4752
185.5692
111.9745
40.56193
459.3781
389.9187
314.9616
259.107
184.4431
111.0925
39.43786
0
0
0
0
0
0
0
0
0
0
0
0
0
0
0
0
0
0
0
0
0
0
0
0
0
0
0
0
0
0
0
0
0
0
0
0
0
0
0
0
0
0
0
0
0
0
0
0
0
0
0
0
0
0
0
0
0
0
0
0
0
0
0
0
0
0
0
0
0
0
0
0
0
0
0
0
0
0
0
0
0
0
0
0
0
0
0
0
0
0
0
0
0
0
0
0
0
0
0
0
0
0
0
0
0
0
0
0
0
0
0
0
0
0
0
0
0
0
0
0
0
0
0
0
0
0
0
0
0
0
0
0
0
0
0
0
0
0
0
0
0
0
0
0
0
0
0
0
0
0
0
0
0
0
0
0
0
0
0
0
0
0
0
0
0
0
0
0
0
0
0
0
0
0
0
0
0
0
0
0
0
0
0
0
0
0
0
0
0
0
0
0
0
0
0
0
0
0
0
0
0
0
0
0
0
0
0
0
0
0
0
0
0
0
0
0
0
0
0
0
0
0
0
0
0
0
0
0
0
0
0
0
0
0
0
0
0
0
0
0
0
0
0
0
0
0
0
0
0
0
0
0
0
0
0
0
0
0
0
0
0
0
0
0
0
0
0
0
0
0
0
0
0
0
0
0
0
0
0
0
0
0
0
0
0
0
0
0
0
0
0
0
0
0
0
0
0
0
0
0
0
0
0
0
0
0
0
0
0
0
0
0
0
0
0
0
0
0
0
0
0
0
0
0
0
0
0
0
0
0
0
0
0
0
0
0
0
0
0
0
0
0
0
0
0
0
0
0
0
0
0
0
0
0
0
0
0
0
0
0
0
0
0
0
0
0
0
0
0
0
0
0
0
0
0
0
0
0
0
0
0
0
0
0
0
0
0
0
0
0
0
0
0
0
0
0
0
0
0
0
0
0
0
0
0
0
0
0
0
0
0
0
0
0
0
0
0
0
0
0
0
0
0
0
0
0
0
0
0
0
0
0
0
0
0
0
0
0
0
0
0
0
0
0
0
0
0
0
0
0
0
0
0
0
0
0
0
0
0
0
0
0
0
0
0
0
0
0
0
0
0
0
0
0
0
0
0
0
0
0
0
0
0
0
0
0
0
0
0
0
0
0
0
0
0
0
0
0
0
0
0
0
0
0
0
0
0
0
0
0
0
0
0
0
0
0
0
0
0
0
0
0
0
0
0
0
0
0
0
0
0
0
0
0
0
0
0
0
0
0
0
0
0
0
0
0
0
0
0
0
0
0
0
0
0
0
0
0
0
0
0
0
0
0
0
0
0
0
0
0
0
0
0
0
0
0
0
0
0
0
0
0
0
0
0
0
0
0
0
0
0
0
0
0
0
0
0
0
0
0
0
0
0
0
0
0
0
0
0
0
0
0
0
0
0
0
0
0
0
0
0
0
0
0
0
0
0
0
0
0
0
0
0
0
0
0
0
0
0
0
0
0
0
0
0
0
0
0
0
0
0
0
0
0
0
0
0
0
0
0
0
0
0
0
0
0
0
0
0
0
0
0
0
0
0
0
0
0
0
0
0
0
0
0
0
0
0
0
0
0
0
0
0
0
0
0
0
0
0
0
0
0
4.595237e-07
0
0
0
0
0
0
0
0
0
0
0
0
0
0
0
0
0
0.4185261
0
0
0
0
0
0
0
0
0
0
0
0
0
0
0
0
0
1.387834
0
0
0
0
0
0
0
0
0
0
0
0
0
0
0
0
0
2.538505
0
0
0
0
0
0
0
0
0
0
0
0
0
0
0
0
0
3.591051
0
0
0
0
0
0
0
0
0
0
0
0
0
0
0
0
0
4.912263
0
0
0
0
0
0
0
0
0
0
0
0
0
0
0
0
0
8.694807
0
0
0
0
0
0
0
0
0
0
0
0
0
0
0
0
0
17.72362
0
0
0
0
0
0
0
0
0
0
0
0
0
0
0
0
0
44.33753
0
0
0
0
0
0
0
0
0
0
0
0
0
0
0
0
0
74.11244
0
0
0
0
0
0
0
0
0
0
0
0
0
0
0
0
0
108.7963
0
0
0
0
0
0
0
0
0
0
0
0
0
73.38668
0.06506974
0
0
0
0
0
0
0
0
44.01825
0
0
0
0
0
0
0
0
0
0
0
0
0
0
0
0
0
0
0
0
0
0
0
0
0
0
0
0
0
0
0
0
0
0
0
0
0
0
0
0
0
0
0
0
0
0
0
0
0
81.71165
0
0
0
0
0
0
81.26551
1.19642
0
0
0
0
0
0
0
112.0593
0
0
0
0
0
0
0
0
0
0
0
104.0434
0
0
0
0
0
0
0
0
0
0
0
0
0
0
0
0
0
57.41348
0
0
0
0
0
0
0
0
0
0
0
0
0
0
0
0
0
21.64422
0
0
0
0
0
0
0
0
0
0
0
0
0
0
0
0
0
12.2783
0
0
0
0
0
0
0
0
0
0
0
0
0
0
0
0
0
6.077859
0
0
0
0
0
0
0
0
0
0
0
0
0
0
0
0
0
3.930273
0
0
0
0
0
0
0
0
0
0
0
0
0
0
0
0
0
2.882932
0
0
0
0
0
0
0
0
0
0
0
0
0
0
0
0
0
2.017472
0
0
0
0
0
0
0
0
0
0
0
0
0
0
0
0
0
1.010464
0
0
0
0
0
0
0
0
0
0
0
0
0
0
0
0
0
0.2866497
0
0
0
0
0
0
0
0
0
0
0
0
0
0
0
0
0
0
0
0
0
0
0
0
0
0
0
0
0
0
0
0
0
0
0
0
0
0
0
0
0
0
0
0
0
0
0
0
0
0
0
0
0
0
0
0
0
0
0
0
0
0
0
0
0
0
0
0
0
0
0
0
0
0
0
0
0
0
0
0
0
0
0
0
0
0
0
0
0
0
0
0
0
0
0
0
0
0
0
0
0
0
0
0
0
0
0
0
0
0
0
0
0
0
0
0
0
0
0
0
0
0
0
0
0
0
0
0
0
0
0
0
0
0
0
0
0
0
0
0
0
0
0
0
0
0
0
0
0
0
0
0
0
0
0
0
0
0
0
0
0
0
0
0
0
0
0
0
0
0
0
0
0
0
0
0
0
0
0
0
0
0
0
0
0
0
0
0
0
0
0
0
0
0
0
0
0
0
0
0
0
0
0
0
0
0
0
0
0
0
0
0
0
0
0
0
0
0
0
0
0
0
0
0
0
0
0
0
0
0
0
0
0
0
0
0
0
0
0
0
0
0
0
0
0
0
0
0
0
0
0
0
0
0
0
0
0
0
0
0
0
0
0
0
0
0
0
0
0
0
0
0
0
0
0
0
0
0
0
0
0
0
0
0
0
0
0
0
0
0
0
0
0
0
0
0
0
0
0
0
0
0
0
0
0
0
0
0
0
0
0
0
0
0
0
0
0
0
0
0
0
0
0
0
0
0
0
0
0
0
0
0
0
0
0
0
0
0
0
0
0
0
0
0
0
0
0
0
0
0
0
0
0
0
0
0
0
0
0
0
0
0
0
0
0
0
0
0
0
0
0
0
0
0
0
0
0
0
0
0
0
0
0
0
0
0
0
0
0
0
0
0
0
0
0
0
0
0
0
0
0
0
0
0
0
0
0
0
0
0
0
0
0
0
0
0
0
0
0
0
0
0
0
0
0
0
0
0
0
0
0
0
0
0
0
0
0
0
0
0
0
0
0
0
0
0
0
0
0
0
0
0
0
0
0
0
0
0
0
0
0
0
0
0
0
0
0
0
0
0
0
0
0
0
0
0
0
0
0
0
0
0
0
0
0
0
0
0
0
0
0
0
0
0
0
0
0
0
0
0
0
0
0
0
0
0
0
0
0
0
0
0
0
0
0
0
0
0
0
0
0
0
0
0
0
0
0
0
0
0
0
0
0
0
0
0
0
0
0
0
0
0
0
0
0
0
0
0
0
0
0
0
0
0
0
0
0
0
0
0
0
0
0
0
0
0
0
0
0
0
0
0
0
0
0
0
0
0
0
0
0
0
0
0
0
0
0
0
0
0
0
0
0
0
0
0
0
0
0
0
0
0
0
0
0
0
0
0
0
0
0
0
0
0
0
0
0
0
0
0
0
0
0
0
0
0
0
0
0
0
0
0
0
0
0
0
0
0
0
0
0
0
0
0
0
0
0
0
0
0
0
0
0
0
0
0
0
0
0
0
0
0
0
0
0
0
0
0
0
0
0
0
0
0
0
0
0
0
0
0
0
0
0
0
0
0
0
0
0
0
0
0
0
0
0
0
0
0
0
0
0
0
0
0
0
0
0
0
0
0
0
0
0
0
0
0
0
0
0
0
0
0
0
0
0
0
0
0
0
0
0
0
0
0
0
0
0
0
0
0
0
0
0
0
0
0
0
0
0
0
0
0
0
0
0
0
0
0
0
0
0
0
0
0
0
0
0
0
0
0
0
0
0
0
0
0
0
0
0
0
0
0
0
0
0
0
0
0
0
0
0
0
0
0
0
0
0
0
0
0
0
0
0
0
0
0
0
0
0
0
0
0
0
0
0
0
0
0
0
0
0
0
0
0
0
0
0
0
0
0
0
0
0
0
0
0
0
0
0
0
0
0
0
0
0
0
0
0
0
0
0
0
0
0
0
0
0
0
0
0
0
0
0
0
0
0
0
0
0
0
0
0
0
0
0
0
0
0
0
0
0
0
0
0
0
0
0
0
0
0
0
0
0
0
0
0
0
0
0
0
0
0
0
0
0
0
0
0
0
0
0
0
0
0
0
0
0
0
0
0
0
0
0
0
0
0
0
0
0
0
0
0
0
0
0
0
0
0
0
0
0
0
0
0
0
0
0
0
0
0
0
0
0
0
0
0
0
0
0
0
0
0
0
0
0
0
0
0
0
0
0
0
0
0
0
0
0
0
0
0
0
0
0
0
0
0
0
0
0
0
0
0
0
0
0
0
0
0
0
0
0
0
0
0
0
0
0
0
0
0
0
0
0
0
0
0
0
0
0
0
0
0
0
0
0
0
0
0
0
0
0
0
0
0
0
0
0
0
0
0
0
0
0
0
0
0
0
0
0
0
0
0
0
0
0
0
0
0
0
0
0
0
0
0
0
0
0
0
0
0
0
0
0
0
0
0
0
0
0
0
0
0
0
0
0
0
0
0
0
0
0
0
0
0
0
0
0
0
0
0
0
0
0
0
0
0
0
0
0
0
0
0
0
0
0
0
0
0
0
0
0
0
0
0
0
0
0
0
0
0
0
0
0
0
0
0
0
0
0
0
0
0
0
0
0
0
0
0
0
0
0
0
0
0
0
0
0
0
0
0
0
0
0
0
0
0
0
0
0
0
0
0
0
0
0
0
0
0
0
0
0
0
0
0
0
0
0
0
0
0
0
0
0
0
0
0
0
0
0
0
0
0
0
0
0
0
0
0
0
0
0
0
0
0
0
0
0
0
0
0
0
0
0
0
0
0
0
0
0
0
0
0
0
0
0
0
0
0
0
0
0
0
0
0
0
0
0
0
0
0
0
0
0
0
0
0
0
0
0
0
0
0
0
0
0
0
0
0
0
0
0
0
0
0
0
0
0
0
0
0
0
0
0
0
0
0
0
0
0
0
0
0
0
0
0
0
0
0
0
0
0
0
0
0
0
0
0
0
0
0
0
0
0
0
0
0
0
0
0
0
0
0
0
0
0
0
0
0
0
0
0
0
0
0
0
0
0
0
0
0
0
0
0
0
0
0
0
0
0
0
0
0
0
0
0
0
0
0
0
0
0
0
0
0
0
0
0
0
0
0
0
0
0
0
0
0
0
0
0
0
0
0
0
0
0
0
0
0
0
0
0
0
0
0
0
0
0
0
0
0
0
0
0
0
0
0
0
0
0
0
0
0
0
0
0
0
0
0
0
0
0
0
0
0
0
0
0
0
0
0
0
0
0
0
0
0
0
0
0
0
0
0
0
0
0
0
0
0
0
0
0
0
0
0
0
0
0
0
0
0
0
0
0
0
0
0
0
0
0
0
0
0
0
0
0
0
0
0
0
0
0
0
0
0
0
0
0
0
0
0
0
0
0
0
0
0
0
0
0
0
0
0
0
0
0
0
0
0
0
0
0
0
0
0
0
0
0
0
0
0
0
0
0
0
0
0
0
0
0
0
0
0
0
0
0
0
0
0
0
0
0
0
0
0
0
0
0
0
0
0
0
0
0
0
0
0
0
0
0
0
0
0
0
0
0
0
0
0
0
0
0
0
0
0
0
0
0
0
0
0
0
0
0
0
0
0
0
0
0
0
0
0
0
0
0
0
0
0
0
0
0
0
0
0
0
0
0
0
0
0
0
0
0
0
0
0
0
0
0
0
0
0
0
0
0
0
0
0
0
0
0
0
0
0
0
0
0
0
0
0
0
0
0
0
0
0
0
0
0
0
0
0
0
0
0
0
0
0
0
0
0
0
0
0
0
0
0
0
0
0
0
0
0
0
0
0
0
0
0
0
0
0
0
0
0
0
0
0
0
0
0
0
0
0
0
0
0
0
0
0
0
0
0
0
0
0
0
0
0
0
0
0
0
0
0
0
0
0
0
0
0
0
0
0
0
0
0
0
0
0
0
0
0
0
0
0
0
0
0
0
0
0
0
0
0
0
0
0
0
0
0
0
0
0
0
0
0
0
0
0
0
0
0
0
0
0
0
0
0
0
0
0
0
0
0
0
0
0
0
0
0
0
0
0
0
0
0
0
0
0
0
0
0
0
0
0
0
0
0
0
0
0
0
0
0
0
0
0
0
0
0
0
0
0
0
0
0
0
0
0
0
0
0
0
0
0
0
0
0
0
0
0
0
0
0
0
0
0
0
0
0
0
0
0
0
0
0
0
0
0
0
0
0
0
0
0
0
0
0
0
0
0
0
0
0
0
0
0
0
0
0
0
0
0
0
0
0
0
0
0
0
0
0
0
0
0
0
0
0
0
0
0
0
0
0
0
0
0
0
0
0
0
0
0
0
0
0
0
0
0
0
0
0
0
0
0
0
0
0
0
0
0
0
0
0
0
0
0
0
0
0
0
0
0
0
0
0
0
0
0
0
0
0
0
0
0
0
0
0
0
0
82.69163
96.37046
84.88117
138.607
103.8807
204.5265
234.603
248.9344
280.0401
240.5099
280.8456
250.2092
237.2017
204.5692
104.892
241.6672
112.0485
129.5903
98.75317
86.49924
102.7457
0
0
0
0
0
0
0
0
0
0
0
0
0
0
0
0
0
0
0
0
0
0
0
0
0
0
0
1.034493
0
0
55.35625
81.47673
0
0
0
0
0
0
0
0
0
0
0
0
0
0
0
0
0
0
0
0
0
0
0
0
0
0
0
0
0
0
0
0
55.68023
44.32236
0
0
0
0
0.02705924
0
0
0
0
0
0
0
0
0
0
0
0
0
0
0
0
0
0
0
0
0
0
0
0
0
0
0
0
0
0
0
221.0867
221.7559
259.0821
146.9999
147.4619
184.4453
74.88107
75.31952
111.1013
0.1945291
0.6051729
39.45106
222.4451
223.1059
260.4074
147.9081
148.3519
185.5426
75.76863
76.21223
111.9784
1.223323
1.307601
40.59305
148.7907
149.2411
186.6123
76.66375
77.11269
112.8551
1.390356
1.472845
41.55952
225.1857
225.9042
263.1776
149.6992
150.1601
187.8431
77.56546
78.02422
113.7562
1.554372
1.634323
42.34931
226.5786
227.2548
264.6287
150.6252
151.0704
188.9791
78.48282
78.94432
114.6535
1.712114
1.787375
43.05583
151.5304
151.9834
190.0825
79.39048
79.78246
115.5505
1.85978
1.928944
43.76061
228.694
228.5637
267.4369
152.391
152.8125
189.7828
80.17685
80.57483
116.4589
1.994742
2.056833
44.47064
153.2692
153.7199
190.6743
80.97463
81.37529
117.3211
2.115139
2.169343
45.18713
230.283
230.8631
270.2834
154.1836
154.6323
191.5963
81.78148
82.184
118.1435
2.219423
2.265273
45.91032
231.4469
232.0275
271.7014
155.0912
155.5085
192.5113
82.5911
83.00018
118.9672
2.306637
2.343649
46.64495
232.6088
233.1682
272.553
155.929
156.3497
193.4425
83.41234
83.82491
119.8002
2.375918
2.403327
47.38996
233.2579
233.376
272.8495
156.776
157.2131
194.0034
84.24191
84.65757
120.6359
2.425909
2.443063
48.14215
233.5033
233.6152
273.1487
157.2947
157.3826
194.1865
85.07639
85.51865
121.1497
2.454888
2.460937
48.90214
233.7419
233.8656
273.4558
157.4803
157.5778
194.3769
85.59902
85.70459
121.3518
2.46303
2.484087
49.34296
233.9958
234.1287
273.7611
157.6828
157.787
194.5828
85.81647
85.92573
121.5647
2.243375
2.228018
49.3771
234.257
234.4034
274.0878
157.894
158.0072
194.7986
86.04682
86.16139
121.7871
2.135973
2.029243
49.407
234.6164
235.9314
274.5097
158.1181
158.324
196.5736
86.28031
86.40327
122.0199
1.917338
1.982469
49.41753
237.5092
237.8013
274.9644
158.5155
158.6374
198.0781
86.52575
86.65555
122.2634
1.714702
2.063949
49.42219
238.0034
238.1842
275.3302
158.759
158.8886
198.3861
86.78348
86.91875
122.5179
1.945044
2.1662
49.41067
238.3847
238.5868
275.7098
159.016
159.1515
198.7176
87.05731
87.1979
122.785
2.179636
2.304961
49.35424
238.7841
239.0048
276.1148
159.2863
159.4294
199.0662
87.34515
87.48995
123.0705
2.362636
2.444761
49.31358
239.2205
239.462
276.5463
159.5745
159.7233
199.4407
87.64732
87.79762
123.3597
2.509871
2.578626
49.24791
239.718
239.9085
277.0354
159.9175
161.017
200.6271
87.957
88.12333
123.7182
2.651171
2.718469
49.19146
162.7824
163.7123
203.5748
88.2924
88.47005
124.1752
2.791915
2.866521
49.11349
240.8869
241.124
277.9447
163.9609
164.1869
204.1995
88.64634
88.83297
124.5288
2.942608
3.017535
49.01634
241.3656
241.6362
278.5538
164.4163
164.6502
204.7464
89.02354
89.21788
124.8988
3.096508
3.177973
48.8974
241.9291
242.219
279.1238
164.9778
166.0931
205.3941
89.41968
89.69783
126.4399
3.261264
3.347782
48.70916
242.5226
242.8448
279.7048
168.1953
169.4552
206.1676
90.02031
90.29828
129.6089
3.436163
3.525911
48.52791
391.1345
391.4781
426.718
317.172
317.523
354.4941
243.175
243.5324
280.4251
169.8553
170.1945
206.8656
90.53048
90.77104
130.1711
3.616277
3.712808
48.36298
391.8267
392.2115
427.7825
317.8434
318.227
355.2799
243.8998
244.279
281.2006
170.5426
170.903
207.5737
91.01661
91.40614
130.9204
3.811597
3.912753
48.16114
392.7455
393.2808
431.0969
318.641
319.0693
356.1625
244.6921
245.104
282.0174
171.3743
171.8835
208.3546
93.74987
95.62978
135.3383
4.014949
4.122037
48.03304
394.016
396.0041
433.5188
319.5319
320.0148
357.2489
245.554
246.0156
282.9258
172.3047
172.7397
209.2105
96.11847
96.4527
136.4416
4.228927
4.342687
47.8648
397.7116
398.7364
436.4469
320.5229
321.0636
358.7255
246.4868
246.9864
283.95
173.1872
173.6623
210.1273
97.00036
99.37983
137.4473
4.464674
4.598408
50.60932
400.6532
403.0872
437.9558
321.7442
322.5248
363.0556
247.4829
248.0445
285.0837
174.1412
174.649
211.1662
102.0716
102.8542
138.5385
4.75801
5.160862
52.35832
404.2677
405.209
439.5593
324.2688
326.7871
367.4449
248.6075
249.1838
286.5616
175.1616
175.6813
212.248
103.4079
104.0008
139.556
5.587001
5.73121
53.82362
406.1785
407.126
441.3431
328.6174
330.8989
370.4598
249.7606
250.5059
290.1485
176.1411
176.5443
213.2878
103.7588
105.1215
140.3396
6.391032
7.415351
60.74862
408.1715
409.2248
443.3485
333.8247
335.2126
372.5269
251.1813
252.0107
293.6368
176.8057
176.8603
214.1289
106.3739
107.6977
140.4671
7.675694
8.093855
65.05792
410.3824
411.5803
445.6564
336.224
336.9313
374.6152
253.6549
254.1402
298.1076
175.3184
171.0081
211.7272
107.9914
104.8889
133.1754
19.1601
25.80979
81.55271
412.7157
413.7318
448.4656
336.8466
334.8174
375.3136
252.8228
248.4652
292.2742
164.5631
155.6788
199.2962
98.33207
89.0528
115.9364
29.10168
33.21243
77.98811
413.6342
410.7395
450.0174
328.6739
318.2199
366.0309
238.6178
223.0519
269.9163
145.8354
136.4423
180.9311
78.69699
70.95969
103.555
35.83901
34.74798
53.03877
404.3986
396.3527
442.5176
303.9693
287.6338
341.7929
205.9977
190.8137
235.4522
128.0624
127.2484
156.8121
67.80255
67.01292
98.07271
33.8176
35.37516
45.6781
385.3956
374.7614
426.262
272.2909
261.3622
315.1649
180.2239
173.8329
209.2698
128.1118
128.8552
148.7138
67.91436
70.0716
101.7227
38.66561
44.56643
47.82737
359.2824
342.1915
396.6412
245.8405
233.5516
282.6834
170.6827
172.6396
199.818
129.5728
129.3045
148.6575
76.31757
84.0543
110.2766
52.5515
58.75571
54.13348
324.6809
310.3402
369.5722
224.7248
213.5903
256.078
174.6093
172.2807
191.174
128.8952
127.9581
152.1675
92.15304
95.20086
107.2003
62.04925
68.03645
62.17461
302.219
286.9294
347.2398
208.0656
206.009
235.5922
169.3986
166.3092
185.0332
126.9159
129.4132
152.7888
92.7499
87.99756
104.8918
67.90509
70.20233
57.29987
274.699
270.4875
336.7184
199.3148
196.192
217.7474
163.8292
164.4357
183.4837
131.6433
126.4017
145.1191
83.42184
79.25501
108.3617
73.08795
73.4764
52.98096
262.8224
260.7472
329.0726
192.7191
193.4831
216.4522
167.2577
163.75
178.7528
125.926
129.4996
147.7639
81.74078
87.07189
103.1164
80.67155
69.10315
70.25995
260.819
264.4217
344.0562
194.8238
196.6279
216.3718
163.6804
169.7184
184.5931
132.0757
129.576
146.1382
84.73219
85.27404
108.659
61.80333
72.83149
84.50024
267.4727
272.3117
354.4776
196.485
198.603
219.7665
170.3233
168.4571
184.5453
130.0085
135.8014
151.4352
88.64604
83.18679
109.4521
76.13062
76.85599
87.00197
264.3982
269.7125
362.4154
195.563
188.4345
206.7046
172.0925
169.8202
178.3072
131.2218
127.2107
147.4109
90.08665
104.2868
120.5177
94.58611
93.27769
101.7231
258.0196
254.1921
337.2818
184.5167
187.2989
204.7162
159.6978
164.723
175.7543
135.855
136.849
157.647
107.4622
104.8755
134.0454
79.54555
83.69
91.52403
240.635
242.6866
317.1672
186.1491
187.3918
201.8751
177.2441
177.5464
181.0047
140.6344
150.5901
162.3179
101.7803
101.462
137.0703
84.25551
55.95831
92.29276
243.2638
255.5645
332.4678
187.5631
197.7263
210.0583
177.8508
182.5186
192.511
152.3881
157.6113
181.6765
111.7038
144.1027
141.3053
264.2036
281.5322
368.292
211.4907
225.5887
231.4966
188.8529
208.6583
216.9706
174.475
189.3726
202.705
155.845
149.6192
191.7881
303.6859
322.0503
408.002
236.0835
251.9978
267.5678
225.958
249.6469
242.4696
197.7404
223.9027
231.2301
337.0884
345.5071
421.9376
271.5461
284.7338
298.2003
258.0837
273.8537
279.3104
236.4376
245.1625
263.79
347.0304
341.3025
415.6111
286.7048
276.1314
291.8568
276.0442
263.1061
269.1082
248.4806
243.406
254.3936
328.7127
311.6739
388.8809
258.0376
241.3583
258.7129
256.1062
230.8853
231.4181
231.686
204.1048
212.2271
289.9399
272.588
351.7455
230.632
215.6302
227.1831
213.4516
192.4879
202.7977
195.1624
178.6429
195.5742
150.9675
159.0098
157.17
263.9932
251.6073
335.0306
202.5291
192.576
208.5674
186.2985
182.0432
189.0731
160.2894
153.4127
175.1651
147.8857
113.3434
134.5076
252.287
251.0227
344.2064
193.0346
192.5676
204.5451
182.076
183.2519
182.7131
152.5901
142.9961
170.5597
101.7139
101.2953
131.0168
57.16017
84.39189
83.1048
267.259
273.3475
373.4211
194.5715
192.4011
216.1137
170.4934
165.4896
182.0949
141.1137
140.7273
159.4371
102.5989
106.6003
131.4938
85.83548
81.03791
101.6113
288.4627
285.8541
375.1895
198.2589
205.6818
228.461
175.9378
178.2542
193.3898
132.5894
137.2415
152.3745
106.6021
94.3521
122.8506
88.79376
95.66796
99.19515
296.9663
296.0214
372.953
211.4968
209.9478
239.7201
175.7822
177.7291
193.7191
142.3256
135.5988
159.467
90.55138
94.52554
112.7284
83.12726
79.09275
88.50035
295.2439
292.8045
361.3818
209.8425
211.19
233.3511
176.9769
171.3803
192.6273
133.2335
136.5924
149.8132
89.71979
87.00896
108.6466
74.15858
66.24722
83.99815
292.474
296.9346
369.7789
210.8586
209.8862
239.6344
170.9921
176.3815
190.6329
134.3868
131.0466
153.509
89.6322
85.17046
107.9379
76.29158
84.24851
61.13185
309.6567
313.548
383.4215
214.058
221.8688
254.9961
176.3385
176.5061
204.1041
133.0825
140.4412
156.5504
84.30317
90.49351
116.5687
74.46764
76.13825
58.8313
324.8628
338.6102
399.0317
233.9726
237.8931
285.1422
178.8554
185.8168
207.0827
140.6649
137.9263
168.35
95.75708
99.53337
113.1102
76.01983
73.62103
62.54215
349.2519
361.4109
422.6121
243.1566
254.1711
301.4971
193.1075
198.0468
220.3975
139.0626
141.7755
164.9991
103.0611
102.1377
119.3432
73.55537
67.36412
64.75437
371.4291
383.3543
444.6162
264.3035
274.0937
325.6775
195.5089
191.7033
230.5422
143.1563
143.826
166.8349
93.41555
84.48137
118.663
66.4344
58.89651
58.07472
396.5874
404.1361
459.3531
285.2752
292.2354
348.4994
193.45
198.0319
237.7953
142.4583
140.0117
165.7645
77.77175
73.27091
106.8856
46.26869
37.42654
46.93318
411.122
413.7414
459.9299
302.11
313.8623
366.2951
205.3468
216.8188
264.2074
136.7328
135.1426
176.6273
69.81451
69.93052
103.1755
34.30855
32.61062
48.29381
415.4097
415.7767
455.3764
325.031
332.2932
375.1877
230.1208
242.8325
287.3822
141.7555
148.6767
193.5147
72.68149
78.61261
110.0582
32.71591
34.54244
63.45458
415.14
413.8338
450.4063
336.1364
337.6075
376.327
250.3245
252.9853
297.8906
156.639
164.0928
207.7146
87.54939
96.09718
123.6056
33.27674
31.75227
81.03184
412.4829
411.1207
446.8185
337.5638
336.7771
374.2705
253.9343
253.6497
296.1062
169.9469
174.6396
213.6351
103.667
108.4411
137.9118
28.43745
21.8854
77.09559
409.8399
408.6719
444.0621
335.713
334.2193
372.0061
252.1425
251.384
292.6165
176.6799
176.8497
213.8456
108.7048
107.1391
140.9065
10.12642
8.968742
64.14416
407.5912
406.5193
441.7426
331.2766
328.8969
369.7624
250.7308
249.9694
287.9011
176.6679
176.2675
212.9453
105.5111
103.9244
140.0699
8.044734
6.860307
71.85908
405.5364
404.5055
439.7013
327.0455
324.4665
364.9092
249.3658
248.7628
285.9525
175.7914
175.2678
211.8351
104.0876
103.4874
139.1182
6.145459
5.97565
53.26759
403.2991
400.8275
437.9042
322.6848
321.9018
361.152
248.166
247.6161
284.6224
174.7393
174.2301
210.7453
102.9318
102.1383
138.1165
5.347587
4.774677
52.25345
398.8879
397.8201
436.0611
321.1715
320.6215
357.9679
247.0674
246.5749
283.5152
173.739
173.258
209.7384
99.49206
97.05786
136.9521
4.604756
4.470378
47.9696
396.1032
394.0808
432.287
320.0936
319.5929
356.7272
246.0716
245.6075
282.537
172.7948
172.3549
208.8262
96.50765
96.16374
136.064
4.346273
4.229315
47.98761
393.3641
392.7934
429.8197
319.1531
318.6805
355.7802
245.1667
244.72
281.6448
171.9297
171.402
207.9996
95.66249
93.79232
133.003
4.119935
4.010768
48.1158
392.2499
391.8498
427.3356
318.2742
317.8751
354.9415
244.3251
243.9229
280.8336
170.9445
170.5612
207.2477
91.42557
91.03225
130.4798
3.906407
3.803213
48.26072
391.5287
391.1724
426.5445
317.5658
317.2326
354.1121
243.5598
243.1964
280.1038
170.2243
169.8724
206.5397
90.78701
90.54252
129.9204
3.702218
3.603384
48.44143
242.8586
242.5302
279.4418
169.4599
168.2075
205.8137
90.303
90.0258
128.5531
3.511683
3.420879
48.57736
242.2262
241.9173
278.8631
166.0985
164.9729
205.0463
89.69501
89.41484
125.1389
3.33197
3.243949
48.76436
241.6482
241.3497
278.2887
164.6481
164.4025
204.4678
89.21492
89.01199
124.7018
3.159756
3.077398
48.92855
241.0811
240.8103
277.7663
164.1736
163.9448
203.9137
88.82161
88.63478
124.3472
2.991622
2.92472
48.93225
240.5629
240.2579
277.2689
163.703
162.7723
202.4528
88.45784
88.27692
123.9592
2.847177
2.771853
49.06204
239.943
239.6479
276.7931
160.9938
159.8898
199.6837
88.10005
87.93703
123.4931
2.692813
2.629446
49.10526
159.7091
159.5494
199.2356
87.78046
87.62137
123.1983
2.555281
2.492911
49.15014
238.9884
238.7636
275.9254
159.4133
159.2664
198.8744
87.47272
87.32043
122.8987
2.421487
2.345801
49.18554
238.5645
238.3567
275.5295
159.1243
158.9961
198.5362
87.17206
87.03402
122.6356
2.286821
2.179356
49.28952
238.1722
237.9687
275.1566
158.8742
158.739
198.224
86.89833
86.76354
122.3768
2.149592
1.956844
49.30196
158.6265
158.4918
197.8122
86.62984
86.50416
122.1309
2.024555
1.748875
49.29719
235.9267
234.6067
274.2863
158.3065
158.0999
194.9828
86.38108
86.25589
121.8787
1.93747
1.815513
49.30593
234.3776
234.2476
273.9695
157.9765
157.8751
194.6751
86.13811
86.01866
121.651
1.930243
2.025523
49.29401
157.7684
157.6614
194.4746
85.90274
85.78893
121.4392
2.111478
2.126886
49.2196
157.5686
157.4599
194.278
85.68151
85.57684
121.2311
2.352262
2.328051
49.18079
233.6125
233.4892
273.0726
157.3718
157.2724
194.0835
85.49451
85.05405
121.0546
2.323988
2.316922
48.42296
233.3793
233.2548
272.7866
157.2012
156.7578
193.9079
84.63472
84.21737
120.2002
2.30471
2.287569
47.6676
233.1683
232.614
272.4779
156.3387
155.9167
192.9789
83.80576
83.38905
119.3702
2.265802
2.239607
46.92198
232.0307
231.4476
271.112
155.5057
155.0781
192.0544
82.98342
82.56963
118.536
2.20934
2.174896
46.18201
230.8687
230.2808
269.7267
154.6241
154.1681
191.14
82.16129
81.75882
117.7137
2.136749
2.094951
45.45607
229.7134
229.1097
268.3163
153.7182
153.2621
190.2139
81.35649
80.95562
116.9016
2.049608
2.000847
44.74239
228.5902
228.7077
266.9229
152.8144
152.3926
189.8847
80.56177
80.16101
115.9963
1.948824
1.893546
44.0352
228.6291
227.9771
265.5369
151.9784
151.5269
189.5618
79.76839
79.37415
115.0964
1.835244
1.774136
43.33517
151.0764
150.617
188.4177
78.93318
78.47022
114.1966
1.710227
1.643804
42.63824
225.8852
225.1899
262.6965
150.1662
149.7113
187.2703
78.01278
77.55829
113.301
1.575045
1.504259
41.9454
224.4892
223.8076
261.2602
149.2562
148.8096
186.1226
77.10568
76.65553
112.4188
1.431645
1.357746
41.03857
223.102
222.4365
259.8513
148.3587
147.9102
184.9957
76.21152
75.76182
111.5295
1.282873
1.204817
40.08894
221.7485
221.0947
258.4346
147.4568
147.0218
183.8849
75.31528
74.86589
110.6507
0.5971468
0.200418
38.67036
0
0
0
0
0
0
0
0
0
0
0
0
0
0
0
0
0
0
0
0
0
0
0
0
0
0
0
0
0
0
0
0
0
0
0
0
0
0
0
0
0
0
0
0
0
0
0
0
0
0
0
0
0
0
0
0
0
0
0
0
0
0
0
0
0
0
0
0
0
0
0
0
0
0
0
0
0
0
0
0
0
0
0
0
0
0
0
0
0
0
0
0
0
0
0
0
0
0
0
0
0
0
0
0
0
0
0
0
0
0
0
0
0
0
0
0
0
0
0
0
0
0
0
0
0
0
0
0
0
0
0
0
0
0
0
0
0
0
0
0
0
0
0
0
0
0
0
0
0
0
0
0
0
0
0
0
0
0
0
0
0
0
0
0
0
0
0
0
0
0
0
0
0
0
0
0
0
0
0
0
0
0
0
0
0
0
0
0
0
0
0
0
0
0
0
0
0
0
0
0
0
0
0
0
0
0
0
0
0
0
0
0
0
0
0
0
0
0
0
0
0
0
0
0
0
0
0
0
0
0
0
0
0
0
0
0
0
0
0
0
0
0
0
0
0
0
0
0
0
0
0
0
0
0
0
0
0
0
0
0
0
0
0
0
0
0
0
0
0
0
0
0
0
0
0
0
0
0
0
0
0
0
0
0
0
0
0
0
0
0
0
0
0
0
0
0
0
0
0
0
0
0
0
0
0
0
0
0
0
0
0
0
0
0
0
0
0
0
0
0
0
0
0
0
0
0
0
0
0
0
0
0
0
0
0
0
0
0
0
0
0
0
0
0
0
0
0
0
0
0
0
0
0
0
0
0
0
0
0
0
0
0
0
0
0
0
0
0
0
0
0
0
0
0
0
0
0
0
0
0
0
0
0
0
0
0
0
0
0
0
0
0
0
0
0
0
0
0
0
0
0
0
0
0
0
0
0
0
0
0
0
0
0
0
0
0
0
0
0
0
0
0
0
0
0
0
0
0
0
0
0
0
0
0
0
0
0
0
0
0
0
0
0
0
0
0
0
0
0
0
0
0
0
0
0
0
0
0
0
0
0
0
0
0
0
0
0
0
0
0
0
0
0
0
0
0
0
0
0
0
0
0
0
0
0
0
0
0
0
0
0
0
0
0
0
0
0
0
0
0
0
0
0
0
0
0
0
0
0
0
0
0
0
0
0
0
0
0
0
0
0
0
0
0
0
0
0
0
0
0
0
0
0
0
0
0
0
0
0
0
0
0
0
0
0
0
0
0
0
0
0
0
0
0
0
0
0
0
0
0
0
0
0
0
0
0
0
0
0
0
0
0
0
0
0
0
0
0
0
0
0
0
0
0
0
0
0
0
0
0
0
0
0
0
0
0
0
0
0
0
0
0
0
0
0
0
0
0
0
0
0
0
0
0
0
0
0
0
0
0
0
0
0
0
0
0
0
0
0
0
0
0
0
0
0
0
0
0
0
0
0
0
0
0
0
0
0
0
0
0
0
0
0
0
0
0
0
0
0
0
0
0
0
0
0
0
0
0
0
0
0
0
0
0
0
0
0
0
0
0
0
0
0
0
0
0
0
0
0
0
0
0
0
0
0
0
0
0
0
0
0
0
0
0
0
0
0
0
0
0
0
0
0
0
0
0
0
0
0
0
0
0
0
0
0
0
0
0
0
0
0
0
0
0
0
0
0
0
0
0
0
0
0
0
0
0
0
0
0
0
0
0
0
0
0
0
0
0
0
0
0
0
0
0
0
0
0
0
0
0
0
0
0
0
0
0
0
0
0
0
0
0
0
0
0
0
0
0
0
0
0
0
0
0
0
0
0
0
0
0
0
0
0
0
0
0
0
0
0
0
0
0
0
0
0
0
0
0
0
0
0
0
0
0
0
0
0
0
0
0
0
0
0
0
0
0
0
0
0
0
0
0
0
0
0
0
0
0
0
0
0
0
0
0
0
0
0
0
0
0
0
0
0
0
0
0
0
0
0
0
0
0
0
0
0
0
0
0
0
0
0
0
0
0
0
0
0
0
0
0
0
0
0
0
0
0
0
0
0
0
0
0
0
0
0
0
0
0
0
0
0
0
0
0
0
0
0
0
0
0
0
0
0
0
0
0
0
0
0
0
0
0
0
0
0
0
0
0
0
0
0
0
0
0
0
0
0
0
0
0
0
0
0
0
0
0
0
0
0
0
0
0
0
0
0
0
0
0
0
0
0
0
0
0
0
0
0
0
0
0
0
0
0
0
0
0
0
0
0
0
0
0
0
0
0
0
0
0
0
0
0
0
0
0
0
0
0
0
0
0
0
0
0
0
0
0
0
0
0
0
0
0
0
0
0
0
0
0
0
0
0
0
0
0
0
0
0
0
0
0
0
0
0
0
0
0
0
0
0
0
0
0
0
0
0
0
0
0
0
0
0
0
0
0
0
0
0
0
0
0
0
0
0
0
0
0
0
0
0
0
0
0
0
0
0
0
0
0
0
0
0
0
0
0
0
0
0
0
0
0
0
0
0
0
0
0
0
0
0
0
0
0
0
0
0
0
0
0
0
0
0
0
0
0
0
0
0
0
0
0
0
0
0
0
0
0
0
0
0
0
0
0
0
0
0
0
0
0
0
0
0
0
0
0
0
0
0
0
0
0
0
0
0
0
0
0
0
0
0
0
0
0
0
0
0
0
0
0
0
0
0
0
0
0
0
0
0
0
0
0
0
0
0
0
0
0
0
0
0
0
0
0
0
0
0
0
0
0
0
0
0
0
0
0
0
0
0
0
0
0
0
0
0
0
0
0
0
0
0
0
0
0
0
0
0
0
0
0
0
0
0
0
0
0
0
0
0
0
0
0
0
0
0
0
0
0
0
0
0
0
0
0
0
0
0
0
0
0
0
0
0
0
0
0
0
0
0
0
0
0
0
0
0
0
0
0
0
0
0
0
0
0
0
0
0
0
0
0
0
0
0
0
0
0
0
0
0
0
0
0
0
0
0
0
0
0
0
0
0
0
0
0
0
0
0
0
0
0
0
0
0
0
0
0
0
0
0
0
0
0
0
0
0
0
0
0
0
0
0
0
0
0
0
0
0
0
0
0
0
0
0
0
0
0
0
0
0
0
0
0
0
0
0
0
0
0
0
0
0
0
0
0
0
0
0
0
0
0
0
0
0
0
0
0
0
0
0
0
0
0
0
0
0
0
0
0
0
0
0
0
0
0
0
0
0
0
0
0
0
0
0
0
0
0
0
0
0
0
0
0
0
0
0
0
0
0
0
0
0
0
0
0
0
0
0
0
0
0
0
0
0
0
0
0
0
0
0
0
0
0
0
0
0
0
0
0
0
0
0
0
0
0
0
0
0
0
0
0
0
0
0
0
0
0
0
0
0
0
0
0
0
0
0
0
0
0
0
0
0
0
0
0
0
0
0
0
0
0
0
0
0
0
0
0
0
0
0
0
0
0
0
0
0
0
0
0
0
0
0
0
0
0
0
0
0
0
0
0
0
0
0
0
0
0
0
0
0
0
0
0
0
0
0
0
0
0
0
0
0
0
0
0
0
0
0
0
0
0
0
0
0
0
0
0
0
0
0
0
0
0
0
0
0
0
0
0
0
0
0
0
0
0
0
0
0
0
0
0
0
0
0
0
0
0
0
0
0
0
0
0
0
0
0
0
0
0
0
0
0
0
0
0
0
0
0
0
0
0
0
0
0
0
0
0
0
0
0
0
0
0
0
0
0
0
0
0
0
0
0
0
0
0
0
0
0
0
0
0
0
0
0
0
0
0
0
0
0
0
0
0
0
0
0
0
0
0
0
0
0
0
0
0
0
0
0
0
0
0
0
0
0
0
0
0
0
0
0
0
0
0
0
0
0
0
0
0
0
0
0
0
0
0
0
0
0
0
0
0
0
0
0
0
0
0
0
0
0
0
0
0
0
0
0
0
0
0
0
0
0
0
0
0
0
0
0
0
0
0
0
0
0
0
0
0
0
0
0
0
0
0
0
0
0
0
0
0
0
0
0
0
0
0
0
0
0
0
0
0
0
0
0
0
0
0
0
0
0
0
0
0
0
0
0
0
0
0
0
0
0
0
0
0
0
0
0
0
0
0
0
0
0
0
0
0
0
0
0
0
0
0
0
0
0
0
0
0
0
0
0
0
0
0
0
0
0
0
0
0
0
0
0
0
0
0
0
0
0
0
0
0
0
0
0
0
0
0
0
0
0
0
0
0
0
0
0
0
0
0
0
0
0
0
0
0
0
0
0
0
0
0
0
0
0
0
0
0
0
0
0
0
0
0
0
0
0
0
0
0
0
0
0
0
0
0
0
0
0
0
0
0
0
0
0
0
0
0
0
0
0
0
0
0
0
0
0
0
0
0
0
0
0
0
0
0
0
0
0
0
0
0
0
0
0
0
0
0
0
0
0
0
0
0
0
0
0
0
0
0
0
0
0
0
0
0
0
0
0
0
0
0
0
0
0
0
0
0
0
0
0
0
0
0
0
0
0
0
0
0
0
0
0
0
0
0
0
0
0
0
0
0
0
0
0
0
0
0
0
0
0
0
0
0
0
0
0
0
0
0
0
0
0
0
0
0
0
0
0
0
0
0
0
0
0
0
0
0
0
0
0
0
0
0
0
0
0
0
0
0
0
0
0
0
0
0
0
0
0
0
0
0
0
0
0
0
0
0
0
0
0
0
0
0
0
0
0
0
0
0
0
0
0
0
0
0
0
0
0
0
0
0
0
0
0
0
0
0
0
0
0
0
0
0
0
0
0
0
0
0
0.1394971
0
0
0
0
0
0
0
0
0
0
0
0
0
0
0
0
0
0
0
0
0
0
0
0
0
0
0
0
0
0
0
0
0
0
0
0
0
0
0
0
0
0
0
0
0
0
0
0
0
0
0
0
0
0.8553296
0
0
0
0
0
0
0
0
0
0
0
0
0
0
0
0
0
0
0
0
0
0
0
0
0
0
0
0
0
0
0
0
0
0
0
0
0
0
0
0
0
0
0
0
0
0
0
0
0
0
0
0
0
2.089227
0
0
0
0
0
0
0
0
0
0
0
0
0
0
0
0
0
0
0
0
0
0
0
0
0
0
0
0
0
0
0
0
0
0
0
0
0
0
0
0
0
0
0
0
0
0
0
0
0
0
0
0
0
3.455186
0
0
0
0
0
0
0
0
0
0
0
0
0
0
0
0
0
0
0
0
0
0
0
0
0
0
0
0
0
0
0
0
0
0
0
0
0
0
0
0
0
0
0
0
0
0
0
0
0
0
0
0
0
4.44237
0
0
0
0
0
0
0
0
0
0
0
0
0
0
0
0
0
0
0
0
0
0
0
0
0
0
0
0
0
0
0
0
0
0
0
0
0
0
0
0
0
0
0
0
0
0
0
0
0
0
0
0
0
6.369876
0
0
0
0
0
0
0
0
0
0
0
0
0
0
0
0
0
0
0
0
0
0
0
0
0
0
0
0
0
0
0
0
0
0
0
0
0
0
0
0
0
0
0
0
0
0
0
0
0
0
0
0
0
12.58331
0
0
0
0
0
0
0
0
0
0
0
0
0
0
0
0
0
0
0
0
0
0
0
0
0
0
0
0
0
0
0
0
0
0
0
0
0
0
0
0
0
0
0
0
0
0
0
0
0
0
0
0
0
21.64584
0
0
0
0
0
0
0
0
0
0
0
0
0
0
0
0
0
0
0
0
0
0
0
0
0
0
0
0
0
0
0
0
0
0
0
0
0
0
0
0
0
0
0
0
0
0
0
0
0
0
0
0.003354964
0.01463051
51.91572
0
0
0
0
0
0
0
0
0
0
0
0
0
0
0
0
0
0
0
0
0
0
0
0
0
0
0
0
0
0
0
0
0
0
0
0
0
0
0
0
0
0
0
0
0
0
0
0
0
0
0
0.5167179
1.6076
100.6655
0
0
0
0
0
0
0
0
0
0
0
0
0
0
0
0
0
0
0
0
0
0
0
0
0
0
0
0
0
0
0
0
0
1.476912
6.207111
105.5255
0
0
0
0
0
0
0
0
0
0
0
0
0
0
0
0
0
0
0
0
0
0
0
0
0
0
0
46.73372
54.00604
81.35979
0
0
0
0
0
0
0
0
0
0
0
0
0
0
0
0
0
0
0
0
0
0
0
0
0
0
0
0
0
0
0
0
0
0
0
0
0
0
0
0
0
0
0
0
0
0
0
0
0
0
0
0
0
0
0
0
0
0
0
0
0
0
0
0
0
0
0
0
0
0
0
0
0
0
0
0
0
0
0
0
0
0
0
0
0
0
0
0
0
0
0
0
0
0
0
0
0
0
0
0
0
0
0
0
0
0
0
0
0
0
0
0
0
0
0
0
0
0
0
0
0
0
0
0
0
0
0
0
0
0
0
0
0
0
0
0
0
0
0
0
0
0
0
0
0
0
0
0
0
0
0
0
0
0
0
0
0
0
0
60.30023
48.79282
73.48532
0
0
0
0
0
0
0
0
0
0
0
0
0
0
0
0
0
0
0
0
0
6.92114
1.294627
107.8946
0
0
0
0
0
0
0
0
0
0
0
0
0
0
0
0
0
0
0
0
0
0
0
0
0
0
0
1.073404
0.4737259
75.5207
0
0
0
0
0
0
0
0
0
0
0
0
0
0
0
0
0
0
0
0
0
0
0
0
0
0
0
0
0
0
0
0
0
0.02045262
0.001403156
44.4192
0
0
0
0
0
0
0
0
0
0
0
0
0
0
0
0
0
0
0
0
0
0
0
0
0
0
0
0
0
0
0
0
0
0
0
0
0
0
0
0
0
0
0
0
0
0
0
0
0
0
0
0
0
17.38132
0
0
0
0
0
0
0
0
0
0
0
0
0
0
0
0
0
0
0
0
0
0
0
0
0
0
0
0
0
0
0
0
0
0
0
0
0
0
0
0
0
0
0
0
0
0
0
0
0
0
0
0
0
8.210915
0
0
0
0
0
0
0
0
0
0
0
0
0
0
0
0
0
0
0
0
0
0
0
0
0
0
0
0
0
0
0
0
0
0
0
0
0
0
0
0
0
0
0
0
0
0
0
0
0
0
0
0
0
4.696516
0
0
0
0
0
0
0
0
0
0
0
0
0
0
0
0
0
0
0
0
0
0
0
0
0
0
0
0
0
0
0
0
0
0
0
0
0
0
0
0
0
0
0
0
0
0
0
0
0
0
0
0
0
2.808493
0
0
0
0
0
0
0
0
0
0
0
0
0
0
0
0
0
0
0
0
0
0
0
0
0
0
0
0
0
0
0
0
0
0
0
0
0
0
0
0
0
0
0
0
0
0
0
0
0
0
0
0
0
2.339601
0
0
0
0
0
0
0
0
0
0
0
0
0
0
0
0
0
0
0
0
0
0
0
0
0
0
0
0
0
0
0
0
0
0
0
0
0
0
0
0
0
0
0
0
0
0
0
0
0
0
0
0
0
1.50906
0
0
0
0
0
0
0
0
0
0
0
0
0
0
0
0
0
0
0
0
0
0
0
0
0
0
0
0
0
0
0
0
0
0
0
0
0
0
0
0
0
0
0
0
0
0
0
0
0
0
0
0
0
0.5588158
0
0
0
0
0
0
0
0
0
0
0
0
0
0
0
0
0
0
0
0
0
0
0
0
0
0
0
0
0
0
0
0
0
0
0
0
0
0
0
0
0
0
0
0
0
0
0
0
0
0
0
0
0
0.007996799
0
0
0
0
0
0
0
0
0
0
0
0
0
0
0
0
0
0
0
0
0
0
0
0
0
0
0
0
0
0
0
0
0
0
0
0
0
0
0
0
0
0
0
0
0
0
0
0
0
0
0
0
0
0
0
0
0
0
0
0
0
0
0
0
0
0
0
0
0
0
0
0
0
0
0
0
0
0
0
0
0
0
0
0
0
0
0
0
0
0
0
0
0
0
0
0
0
0
0
0
0
0
0
0
0
0
0
0
0
0
0
0
0
0
0
0
0
0
0
0
0
0
0
0
0
0
0
0
0
0
0
0
0
0
0
0
0
0
0
0
0
0
0
0
0
0
0
0
0
0
0
0
0
0
0
0
0
0
0
0
0
0
0
0
0
0
0
0
0
0
0
0
0
0
0
0
0
0
0
0
0
0
0
0
0
0
0
0
0
0
0
0
0
0
0
0
0
0
0
0
0
0
0
0
0
0
0
0
0
0
0
0
0
0
0
0
0
0
0
0
0
0
0
0
0
0
0
0
0
0
0
0
0
0
0
0
0
0
0
0
0
0
0
0
0
0
0
0
0
0
0
0
0
0
0
0
0
0
0
0
0
0
0
0
0
0
0
0
0
0
0
0
0
0
0
0
0
0
0
0
0
0
0
0
0
0
0
0
0
0
0
0
0
0
0
0
0
0
0
0
0
0
0
0
0
0
0
0
0
0
0
0
0
0
0
0
0
0
0
0
0
0
0
0
0
0
0
0
0
0
0
0
0
0
0
0
0
0
0
0
0
0
0
0
0
0
0
0
0
0
0
0
0
0
0
0
0
0
0
0
0
0
0
0
0
0
0
0
0
0
0
0
0
0
0
0
0
0
0
0
0
0
0
0
0
0
0
0
0
0
0
0
0
0
0
0
0
0
0
0
0
0
0
0
0
0
0
0
0
0
0
0
0
0
0
0
0
0
0
0
0
0
0
0
0
0
0
0
0
0
0
0
0
0
0
0
0
0
0
0
0
0
0
0
0
0
0
0
0
0
0
0
0
0
0
0
0
0
0
0
0
0
0
0
0
0
0
0
0
0
0
0
0
0
0
0
0
0
0
0
0
0
0
0
0
0
0
0
0
0
0
0
0
0
0
0
0
0
0
0
0
0
0
0
0
0
0
0
0
0
0
0
0
0
0
0
0
0
0
0
0
0
0
0
0
0
0
0
0
0
0
0
0
0
0
0
0
0
0
0
0
0
0
0
0
0
0
0
0
0
0
0
0
0
0
0
0
0
0
0
0
0
0
0
0
0
0
0
0
0
0
0
0
0
0
0
0
0
0
0
0
0
0
0
0
0
0
0
0
0
0
0
0
0
0
0
0
0
0
0
0
0
0
0
0
0
0
0
0
0
0
0
0
0
0
0
0
0
0
0
0
0
0
0
0
0
0
0
0
0
0
0
0
0
0
0
0
0
0
0
0
0
0
0
0
0
0
0
0
0
0
0
0
0
0
0
0
0
0
0
0
0
0
0
0
0
0
0
0
0
0
0
0
0
0
0
0
0
0
0
0
0
0
0
0
0
0
0
0
0
0
0
0
0
0
0
0
0
0
0
0
0
0
0
0
0
0
0
0
0
0
0
0
0
0
0
0
0
0
0
0
0
0
0
0
0
0
0
0
0
0
0
0
0
0
0
0
0
0
0
0
0
0
0
0
0
0
0
0
0
0
0
0
0
0
0
0
0
0
0
0
0
0
0
0
0
0
0
0
0
0
0
0
0
0
0
0
0
0
0
0
0
0
0
0
0
0
0
0
0
0
0
0
0
0
0
0
0
0
0
0
0
0
0
0
0
0
0
0
0
0
0
0
0
0
0
0
0
0
0
0
0
0
0
0
0
0
0
0
0
0
0
0
0
0
0
0
0
0
0
0
0
0
0
0
0
0
0
0
0
0
0
0
0
0
0
0
0
0
0
0
0
0
0
0
0
0
0
0
0
0
0
0
0
0
0
0
0
0
0
0
0
0
0
0
0
0
0
0
0
0
0
0
0
0
0
0
0
0
0
0
0
0
0
0
0
0
0
0
0
0
0
0
0
0
0
0
0
0
0
0
0
0
0
0
0
0
0
0
0
0
0
0
0
0
0
0
0
0
0
0
0
0
0
0
0
0
0
0
0
0
0
0
0
0
0
0
0
0
0
0
0
0
0
0
0
0
0
0
0
0
0
0
0
0
0
0
0
0
0
0
0
0
0
0
0
0
0
0
0
0
0
0
0
0
0
0
0
0
0
0
0
0
0
0
0
0
0
0
0
0
0
0
0
0
0
0
0
0
0
0
0
0
0
0
0
0
0
0
0
0
0
0
0
0
0
0
0
0
0
0
0
0
0
0
0
0
0
0
0
0
0
0
0
0
0
0
0
0
0
0
0
0
0
0
0
0
0
0
0
0
0
0
0
0
0
0
0
0
0
0
0
0
0
0
0
0
0
0
0
0
0
0
0
0
0
0
0
0
0
0
0
0
0
0
0
0
0
0
0
0
0
0
0
0
0
0
0
0
0
0
0
0
0
0
0
0
0
0
0
0
0
0
0
0
0
0
0
0
0
0
0
0
0
0
0
0
0
0
0
0
0
0
0
0
0
0
0
0
0
0
0
0
0
0
0
0
0
0
0
0
0
0
0
0
0
0
0
0
0
0
0
0
0
0
0
0
0
0
0
0
0
0
0
0
0
0
0
0
0
0
0
0
0
0
0
0
0
0
0
0
0
0
0
0
0
0
0
0
0
0
0
0
0
0
0
0
0
0
0
0
0
0
0
0
0
0
0
0
0
0
0
0
0
0
0
0
0
0
0
0
0
0
0
0
0
0
0
0
0
0
0
0
0
0
0
0
0
0
0
0
0
0
0
0
0
0
0
0
0
0
0
0
0
0
0
0
0
0
0
0
0
0
0
0
0
0
0
0
0
0
0
0
0
0
0
0
0
0
0
0
0
0
0
0
0
0
0
0
0
0
0
0
0
0
0
0
0
0
0
0
0
0
0
0
0
0
0
0
0
0
0
0
0
0
0
0
0
0
0
0
0
0
0
0
0
0
0
0
0
0
0
0
0
0
0
0
0
0
0
0
0
0
0
0
0
0
0
0
0
0
0
0
0
0
0
0
0
0
0
0
0
0
0
0
0
0
0
0
0
0
0
0
0
0
0
0
0
0
0
0
0
0
0
0
0
0
0
0
0
0
0
0
0
0
0
0
0
0
0
0
0
0
0
0
0
0
0
0
0
0
0
0
0
0
0
0
0
0
0
0
0
0
0
0
0
0
0
0
0
0
0
0
0
0
0
0
0
0
0
0
0
0
0
0
0
0
0
0
0
0
0
0
0
0
0
0
0
0
0
0
0
0
0
0
0
0
0
0
0
0
0
0
0
0
0
0
0
0
0
0
0
0
0
0
0
0
0
0
0
0
0
0
0
0
0
0
0
0
0
0
0
0
0
0
0
0
0
0
0
0
0
0
0
0
0
0
0
0
0
0
0
0
0
0
0
0
0
0
0
0
0
0
0
0
0
0
0
0
0
0
0
0
0
0
0
0
0
0
0
0
0
0
0
0
0
0
0
0
0
0
0
0
0
0
0
0
0
0
0
0
0
0
0
0
0
0
0
0
0
0
0
0
0
0
0
0
0
0
0
0
0
0
0
0
0
0
0
0
0
0
0
0
0
0
0
0
0
0
0
0
0
0
0
0
0
0
0
0
0
0
0
0
0
0
0
0
0
0
0
0
0
0
0
0
0
0
0
0
0
0
0
0
0
0
0
0
0
0
0
0
0
0
0
0
0
0
0
0
0
0
0
0
0
0
0
0
0
0
0
0
0
0
0
0
0
0
0
0
0
0
0
0
0
0
0
0
0
0
0
0
0
0
0
0
0
0
0
0
0
0
0
0
0
0
0
0
0
0
0
0
0
0
0
0
0
0
0
0
0
0
0
0
0
0
0
0
0
0
0
0
0
0
0
0
0
0
0
0
0
0
0
0
0
0
0
0
0
0
0
0
0
0
0
0
0
0
0
0
0
0
0
0
0
0
0
0
0
0
0
0
0
0
0
0
0
0
0
0
0
0
0
0
0
0
0
0
0
0
0
0
0
0
0
0
0
0
0
0
0
0
0
0
0
0
0
0
0
0
0
0
0
0
0
0
0
0
0
0
0
0
0
0
0
0
0
0
0
0
0
0
0
0
0
0
0
0
0
0
0
0
0
0
0
0
0
0
0
0
0
0
0
0
0
0
0
0
0
0
0
0
0
0
0
0
0
0
0
0
0
0
0
0
0
0
0
0
0
0
0
0
0
0
0
0
0
0
0
0
0
0
0
0
0
0
0
0
0
0
0
0
0
0
0
0
0
0
0
0
0
0
0
0
0
0
0
0
0
0
0
0
0
0
0
0
0
0
0
0
0
0
0
0
0
0
0
0
0
0
0
0
0
0
0
0
0
0
0
0
0
0
0
0
0
0
0
0
0
0
0
0
0
0
0
0
0
0
0
0
0
0
0
0
0
0
0
0
0
0
0
0
0
0
0
0
0
0
0
0
0
0
0
0
0
0
0
0
0
0
0
0
0
0
0
0
0
0
0
0
0
0
0
0
0
0
0
0
0
0
0
0
0
0
0
0
0
0
0
0
0
0
0
0
0
0
0
0
0
0
0
0
0
0
0
0
0
0
0
0
0
0
0
0
0
0
0
0
0
0
0
0
0
0
0
0
0
0
0
0
0
0
0
0
0
0
0
0
0
0
0
0
0
0
0
0
0
0
0
0
0
0
0
0
0
0
0
0
0
0
0
0
0
0
0
0
0
0
0
0
0
0
0
0
0
0
0
0
0
0
0
0
0
0
0
0
0
0
0
0
0
0
0
0
0
0
0
0
0
0
0
0
0
0
0
0
0
0
0
0
0
0
0
0
0
0
0
0
0
0
0
0
0
0
0
0
0
0
0
0
0
0
0
0
0
0
0
0
0
0
0
0
0
0
0
0
0
0
0
0
0
0
0
0
0
0
0
0
0
0
0
0
0
0
0
0
0
0
0
0
0
0
0
0
0
0
0
0
0
0
0
0
0
0
0
0
0
0
0
0
0
0
0
0
0
0
0
0
0
0
0
0
0
0
0
0
0
0
0
0
0
0
0
0
0
0
0
0
0
0
0
0
0
0
0
0
0
0
0
0
0
0
0
0
0
0
0
0
0
0
0
0
0
0
0
0
0
0
0
0
0
0
0
0
0
0
0
0
0
0
0
0
0
0
0
0
0
0
0
0
0
0
0
0
0
0
0
0
0
0
0
0
0
0
0
0
0
0
0
0
0
0
0
0
0
0
0
0
0
0
0
0
0
0
0
0
0
0
0
0
0
0
0
0
0
0
0
0
0
0
0
0
0
0
0
0
0
0
0
0
0
0
0
0
0
0
0
0
0
0
0
0
0
0
0
0
0
0
0
0
0
0
0
0
0
0
0
0
0
0
0
0
0
0
0
0
0
0
0
0
0
0
0
0
0
0
0
0
0
0
0
0
0
0
0
0
0
0
0
0
0
0
0
0
0
0
0
0
0
0
0
0
0
0
0
0
0
0
0
0
0
0
0
0
0
0
0
0
0
0
0
0
0
0
0
0
0
0
0
0
0
0
0
0
0
0
0
0
0
0
0
0
0
0
0
0
0
0
0
0
0
0
0
0
0
0
0
0
0
0
0
0
0
0
0
0
0
0
0
0
0
0
0
0
0
0
0
0
0
0
0
0
0
0
0
0
0
0
0
0
0
0
0
0
0
0
0
0
0
0
0
0
0
0
0
0
0
0
0
0
0
0
0
0
0
0
0
0
0
0
0
0
0
0
0
0
0
0
0
0
0
0
0
0
0
0
0
0
0
0
0
0
0
0
0
0
0
0
0
0
0
0
0
0
0
0
0
0
0
0
0
0
0
0
0
0
0
0
0
0
0
0
0
0
0
0
0
0
0
0
0
0
0
0
0
0
0
0
0
0
0
0
0
0
0
0
0
0
0
0
0
0
0
0
0
0
0
0
0
0
0
0
0
0
0
0
0
0
0
0
0
0
0
0
0
0
0
0
0
0
0
0
0
0
0
0
0
0
0
0
0
0
0
0
0
0
0
0
0
0
0
0
0
0
0
0
0
0
0
0
0
0
0
0
0
0
0
0
0
0
0
0
0
0
0
0
0
0
0
0
0
0
0
0
0
0
0
0
0
0
0
0
0
0
0
0
0
0
0
0
0
0
0
0
0
0
0
0
0
0
0
0
0
0
0
0
0
0
0
0
0
0
0
0
0
0
0
0
0
0
0
0
0
0
0
0
0
0
0
0
0
0
0
0
0
0
0
0
0
0
0
0
0
0
0
0
0
0
0
0
227.9516
228.6258
266.0582
229.1057
229.6909
268.8669
239.4347
239.1954
276.3457
237.8007
237.4717
274.7886
234.1225
233.9807
273.6615
233.8649
233.7294
273.3568
227.2674
226.5792
264.1265
117.5943
119.5602
120.8865
109.6684
35.85157
0
245.8157
301.1712
278.1821
213.7867
233.082
96.00469
138.3433
197.8239
208.774
125.483
156.6432
12.89498
126.383
62.96401
0.9906301
0
0
0
0
0
0
0
0
0
0
0
0
0
0
0
0
0
0
0
0
0
0
0
0
0
0
0
0
0
0
0
0
0
0
0
0
0
0
0
0
0
0
0
0
0
0
0
0
0
0
0
0
0
0
0
0
0
0
0
0
0
0
0
0
0
0
0
0
0
0
0
0
0
0
0
0
0
0
0
0
0
0
0
0
0
0
0
0
0
0
0
0
0
0
0
0
0
0
0
194.2067
373.2357
323.1196
265.6798
298.4418
115.0606
302.9063
574.3887
475.5583
366.8004
318.8367
32.42572
261.0474
491.9212
439.0308
337.1671
326.2625
61.14643
128.6204
85.88339
93.47397
64.8399
0.6269893
0
137.8442
193.2065
200.2631
114.3589
139.0278
7.883503
243.8213
309.9795
287.9472
225.68
248.475
108.6741
118.0064
122.1302
128.9996
112.3572
45.39635
0
84.83527
77.04997
94.70503
6.141336
0
0
19.73524
0
0
0
0
0
0
0
0
0
0
0
0
0
0
0
0
0
0
0
0
0
0
0
0
0
0
0
0
0
0
0
0
0
0
0
0
0
0
0
0
0
0
0
0
0
0
0
0
0
0
0
0
0
0
0
0
0
0
0
262.5263
495.2744
432.0772
329.6026
322.9014
68.83749
303.5404
577.2646
484.8622
376.4598
316.8817
28.07957
192.6445
373.2485
333.6512
272.1082
306.5419
113.2898
83.18733
75.836
89.52437
5.060779
0
0
127.1201
60.22597
0.8122601
0
0
0
18.06626
0
0
0
0
0
0
0
0
0
0
0
0
0
0
0
0
0
0
0
0
0
0
0
0
0
0
0
0
0
0
0
0
0
0
0
0
0
0
0
0
0
0
0
0
0
0
0
0
0
0
0
0
0
0
0
0
0
0
0
0
0
0
0
0
0
0
0
0
0
0
0
0
0
0
0
0
0
0
0
0
0
0
0
0
0
0
0
0
0
0
0
0
0
0
0
129.8172
87.63135
97.44247
72.1507
1.284107
0
0
0
0
0
0
0
0
0
0
0
0
0
0
0
0
0
0
0
0
0
0
0
0
0
0
0
0
0
0
0
0
0
0
0
0
0
0
0
0
0
0
0
0
0
0
0
0
0
0
0
0
0
0
0
0
0
0
0
0
0
0
0
0
0
0
0
0
0
0
0
0
0
0
0
0
0
0
0
0
0
0
0
0
0
0
0
0
0
0
0
0
0
0
0
0
0
0
0
0
0
0
0
0
0
0
0
0
0
0
0
0
0
0
0
0
0
0
0
0
0
)
;

boundaryField
{
    cylinder
    {
        type            calculated;
        value           nonuniform List<scalar> 
80
(
0
96.00469
12.89498
0
0
0
0
0
0
0
0
0
0
0
0
0
0
0
0
0
115.0606
32.42572
61.14643
0
7.883503
108.6741
0
0
0
0
0
0
0
0
0
0
0
0
68.83749
28.07957
113.2898
0
0
0
0
0
0
0
0
0
0
0
0
0
0
0
0
0
0
0
0
0
0
0
0
0
0
0
0
0
0
0
0
0
0
0
0
0
0
0
)
;
    }
    lateralback
    {
        type            empty;
    }
    bottom
    {
        type            calculated;
        value           nonuniform List<scalar> 
112
(
7.51687
256.8761
911.8533
941.8937
942.4339
939.836
937.6018
936.0741
935.0434
934.3423
933.8603
933.4968
933.2426
933.0458
932.9055
932.7989
932.7114
932.6374
932.5773
932.5267
932.489
932.4376
932.3934
932.3441
932.2844
932.2189
932.1163
932.0018
931.8676
931.8574
931.813
931.5161
931.0932
930.5574
929.9399
929.2586
928.6069
928.1996
928.1805
929.0858
931.3732
937.4032
950.686
976.9679
1019.999
1077.845
1147.011
1219.403
1286.17
1346.13
1402.729
1454.965
1503.897
1544.008
1568.973
1575.234
1578.964
1576.232
1554.322
1518.547
1472.503
1421.178
1362.939
1302.036
1233.342
1159.58
1088.355
1028.139
982.6531
954.3508
939.752
932.9994
930.2843
929.2072
929.0489
929.3223
929.82
930.3718
930.8853
931.3507
931.7582
932.0265
932.04
932.026
932.1468
932.2553
932.3447
932.3938
932.4465
932.4834
932.5172
932.5522
932.5818
932.62
932.6626
932.7123
932.7762
932.8498
932.9457
933.0877
933.2675
933.5347
933.8937
934.3816
935.0714
936.0911
937.6206
939.8498
942.4038
941.7167
910.1544
259.6938
)
;
    }
    surface
    {
        type            calculated;
        value           uniform 0;
    }
    inlet
    {
        type            cyclic;
    }
    outlet
    {
        type            cyclic;
    }
}


// ************************************************************************* //
