(
(-9.93750000e-02 5.83426000e-01)
(-9.81250000e-02 5.83271000e-01)
(-9.68750000e-02 5.83238000e-01)
(-9.56250000e-02 5.83104000e-01)
(-9.43750000e-02 5.83048000e-01)
(-9.31250000e-02 5.82930000e-01)
(-9.18750000e-02 5.82856000e-01)
(-9.06250000e-02 5.82749000e-01)
(-8.93750000e-02 5.82662000e-01)
(-8.81250000e-02 5.82560000e-01)
(-8.68750000e-02 5.82465000e-01)
(-8.56250000e-02 5.82364000e-01)
(-8.43750000e-02 5.82264000e-01)
(-8.31250000e-02 5.82161000e-01)
(-8.18750000e-02 5.82057000e-01)
(-8.06250000e-02 5.81952000e-01)
(-7.93750000e-02 5.81844000e-01)
(-7.81250000e-02 5.81735000e-01)
(-7.68750000e-02 5.81625000e-01)
(-7.56250000e-02 5.81512000e-01)
(-7.43750000e-02 5.81398000e-01)
(-7.31250000e-02 5.81282000e-01)
(-7.18750000e-02 5.81163000e-01)
(-7.06250000e-02 5.81043000e-01)
(-6.93750000e-02 5.80920000e-01)
(-6.81250000e-02 5.80795000e-01)
(-6.68750000e-02 5.80667000e-01)
(-6.56250000e-02 5.80537000e-01)
(-6.43750000e-02 5.80404000e-01)
(-6.31250000e-02 5.80269000e-01)
(-6.18750000e-02 5.80130000e-01)
(-6.06250000e-02 5.79989000e-01)
(-5.93750000e-02 5.79844000e-01)
(-5.81250000e-02 5.79696000e-01)
(-5.68750000e-02 5.79544000e-01)
(-5.56250000e-02 5.79388000e-01)
(-5.43750000e-02 5.79229000e-01)
(-5.31250000e-02 5.79065000e-01)
(-5.18750000e-02 5.78896000e-01)
(-5.06250000e-02 5.78722000e-01)
(-4.93750000e-02 5.78543000e-01)
(-4.81250000e-02 5.78359000e-01)
(-4.68750000e-02 5.78168000e-01)
(-4.56250000e-02 5.77971000e-01)
(-4.43750000e-02 5.77766000e-01)
(-4.31250000e-02 5.77551000e-01)
(-4.18750000e-02 5.77323000e-01)
(-4.06250000e-02 5.77082000e-01)
(-3.93750000e-02 5.76827000e-01)
(-3.81250000e-02 5.76558000e-01)
(-3.68750000e-02 5.76275000e-01)
(-3.56250000e-02 5.75981000e-01)
(-3.43750000e-02 5.75674000e-01)
(-3.31250000e-02 5.75353000e-01)
(-3.18750000e-02 5.75017000e-01)
(-3.06250000e-02 5.74665000e-01)
(-2.93750000e-02 5.74296000e-01)
(-2.81250000e-02 5.73907000e-01)
(-2.68750000e-02 5.73498000e-01)
(-2.56250000e-02 5.73066000e-01)
(-2.43750000e-02 5.72609000e-01)
(-2.31250000e-02 5.72123000e-01)
(-2.18750000e-02 5.71605000e-01)
(-2.06250000e-02 5.71052000e-01)
(-1.93750000e-02 5.70459000e-01)
(-1.81250000e-02 5.69819000e-01)
(-1.68750000e-02 5.69125000e-01)
(-1.56250000e-02 5.68368000e-01)
(-1.43750000e-02 5.67536000e-01)
(-1.31250000e-02 5.66614000e-01)
(-1.18750000e-02 5.65582000e-01)
(-1.06250000e-02 5.64410000e-01)
(-9.37500000e-03 5.63058000e-01)
(-8.12500000e-03 5.61462000e-01)
(-6.87500000e-03 5.59525000e-01)
(-5.62500000e-03 5.57061000e-01)
(-4.37500000e-03 5.53679000e-01)
(-3.12500000e-03 5.48781000e-01)
(-1.87500000e-03 5.24897000e-01)
(-6.25000000e-04 1.23545000e-01)
(6.25000000e-04 1.99315000e-03)
(1.87500000e-03 7.98312000e-06)
(3.12500000e-03 6.77792000e-14)
(4.37500000e-03 4.75146000e-25)
(5.62500000e-03 2.52590000e-35)
(6.87500000e-03 1.03825000e-45)
(8.12500000e-03 3.69956000e-56)
(9.37500000e-03 1.19071000e-66)
(1.06250000e-02 3.29637000e-77)
(1.18750000e-02 1.03136000e-87)
(1.31250000e-02 3.26382000e-98)
(1.43750000e-02 1.05077000e-108)
(1.56250000e-02 3.06809000e-119)
(1.68750000e-02 9.12763000e-130)
(1.81250000e-02 2.45573000e-140)
(1.93750000e-02 6.03217000e-151)
(2.06250000e-02 1.19632000e-161)
(2.18750000e-02 2.34636000e-172)
(2.31250000e-02 4.07652000e-183)
(2.43750000e-02 6.28929000e-194)
(2.56250000e-02 7.40654000e-205)
(2.68750000e-02 7.18223000e-216)
(2.81250000e-02 4.69743000e-227)
(2.93750000e-02 1.72534000e-238)
(3.06250000e-02 2.54178000e-249)
(3.18750000e-02 5.99421000e-260)
(3.31250000e-02 2.15566000e-270)
(3.43750000e-02 9.84032000e-281)
(3.56250000e-02 4.73283000e-291)
(3.68750000e-02 2.47825000e-301)
(3.81250000e-02 1.26954000e-311)
(3.93750000e-02 1.43392998e-316)
(4.06250000e-02 3.70239949e-318)
(4.18750000e-02 0.00000000e+00)
(4.31250000e-02 0.00000000e+00)
(4.43750000e-02 0.00000000e+00)
(4.56250000e-02 0.00000000e+00)
(4.68750000e-02 0.00000000e+00)
(4.81250000e-02 0.00000000e+00)
(4.93750000e-02 0.00000000e+00)
(5.06250000e-02 0.00000000e+00)
(5.18750000e-02 0.00000000e+00)
(5.31250000e-02 0.00000000e+00)
(5.43750000e-02 0.00000000e+00)
(5.56250000e-02 0.00000000e+00)
(5.68750000e-02 0.00000000e+00)
(5.81250000e-02 0.00000000e+00)
(5.93750000e-02 0.00000000e+00)
(6.06250000e-02 0.00000000e+00)
(6.18750000e-02 0.00000000e+00)
(6.31250000e-02 0.00000000e+00)
(6.43750000e-02 0.00000000e+00)
(6.56250000e-02 0.00000000e+00)
(6.68750000e-02 0.00000000e+00)
(6.81250000e-02 0.00000000e+00)
(6.93750000e-02 0.00000000e+00)
(7.06250000e-02 0.00000000e+00)
(7.18750000e-02 0.00000000e+00)
(7.31250000e-02 0.00000000e+00)
(7.43750000e-02 0.00000000e+00)
(7.56250000e-02 0.00000000e+00)
(7.68750000e-02 0.00000000e+00)
(7.81250000e-02 0.00000000e+00)
(7.93750000e-02 0.00000000e+00)
(8.06250000e-02 0.00000000e+00)
(8.18750000e-02 0.00000000e+00)
(8.31250000e-02 0.00000000e+00)
(8.43750000e-02 0.00000000e+00)
(8.56250000e-02 0.00000000e+00)
(8.68750000e-02 0.00000000e+00)
(8.81250000e-02 0.00000000e+00)
(8.93750000e-02 0.00000000e+00)
(9.06250000e-02 0.00000000e+00)
(9.18750000e-02 0.00000000e+00)
(9.31250000e-02 0.00000000e+00)
(9.43750000e-02 0.00000000e+00)
(9.56250000e-02 0.00000000e+00)
(9.68750000e-02 0.00000000e+00)
(9.81250000e-02 0.00000000e+00)
(9.93750000e-02 0.00000000e+00)
(1.00625000e-01 0.00000000e+00)
(1.01875000e-01 0.00000000e+00)
(1.03125000e-01 0.00000000e+00)
(1.04375000e-01 0.00000000e+00)
(1.05625000e-01 0.00000000e+00)
(1.06875000e-01 0.00000000e+00)
(1.08125000e-01 0.00000000e+00)
(1.09375000e-01 0.00000000e+00)
(1.10625000e-01 0.00000000e+00)
(1.11875000e-01 0.00000000e+00)
(1.13125000e-01 0.00000000e+00)
(1.14375000e-01 0.00000000e+00)
(1.15625000e-01 0.00000000e+00)
(1.16875000e-01 0.00000000e+00)
(1.18125000e-01 0.00000000e+00)
(1.19375000e-01 0.00000000e+00)
(1.20625000e-01 0.00000000e+00)
(1.21875000e-01 0.00000000e+00)
(1.23125000e-01 0.00000000e+00)
(1.24375000e-01 0.00000000e+00)
(1.25625000e-01 0.00000000e+00)
(1.26875000e-01 0.00000000e+00)
(1.28125000e-01 0.00000000e+00)
(1.29375000e-01 0.00000000e+00)
(1.30625000e-01 0.00000000e+00)
(1.31875000e-01 0.00000000e+00)
(1.33125000e-01 0.00000000e+00)
(1.34375000e-01 0.00000000e+00)
(1.35625000e-01 0.00000000e+00)
(1.36875000e-01 0.00000000e+00)
(1.38125000e-01 0.00000000e+00)
(1.39375000e-01 0.00000000e+00)
(1.40625000e-01 0.00000000e+00)
(1.41875000e-01 0.00000000e+00)
(1.43125000e-01 0.00000000e+00)
(1.44375000e-01 0.00000000e+00)
(1.45625000e-01 0.00000000e+00)
(1.46875000e-01 0.00000000e+00)
(1.48125000e-01 0.00000000e+00)
(1.49375000e-01 0.00000000e+00)
(1.50625000e-01 0.00000000e+00)
(1.51875000e-01 0.00000000e+00)
(1.53125000e-01 0.00000000e+00)
(1.54375000e-01 0.00000000e+00)
(1.55625000e-01 0.00000000e+00)
(1.56875000e-01 0.00000000e+00)
(1.58125000e-01 0.00000000e+00)
(1.59375000e-01 0.00000000e+00)
(1.60625000e-01 0.00000000e+00)
(1.61875000e-01 0.00000000e+00)
(1.63125000e-01 0.00000000e+00)
(1.64375000e-01 0.00000000e+00)
(1.65625000e-01 0.00000000e+00)
(1.66875000e-01 0.00000000e+00)
(1.68125000e-01 0.00000000e+00)
(1.69375000e-01 0.00000000e+00)
(1.70625000e-01 0.00000000e+00)
(1.71875000e-01 0.00000000e+00)
(1.73125000e-01 0.00000000e+00)
(1.74375000e-01 0.00000000e+00)
(1.75625000e-01 0.00000000e+00)
(1.76875000e-01 0.00000000e+00)
(1.78125000e-01 0.00000000e+00)
(1.79375000e-01 0.00000000e+00)
(1.80625000e-01 0.00000000e+00)
(1.81875000e-01 0.00000000e+00)
(1.83125000e-01 0.00000000e+00)
(1.84375000e-01 0.00000000e+00)
(1.85625000e-01 0.00000000e+00)
(1.86875000e-01 0.00000000e+00)
(1.88125000e-01 0.00000000e+00)
(1.89375000e-01 0.00000000e+00)
(1.90625000e-01 0.00000000e+00)
(1.91875000e-01 0.00000000e+00)
(1.93125000e-01 0.00000000e+00)
(1.94375000e-01 0.00000000e+00)
(1.95625000e-01 0.00000000e+00)
(1.96875000e-01 0.00000000e+00)
(1.98125000e-01 0.00000000e+00)
(1.99375000e-01 0.00000000e+00)
(2.00625000e-01 0.00000000e+00)
(2.01875000e-01 0.00000000e+00)
(2.03125000e-01 0.00000000e+00)
(2.04375000e-01 0.00000000e+00)
(2.05625000e-01 0.00000000e+00)
(2.06875000e-01 0.00000000e+00)
(2.08125000e-01 0.00000000e+00)
(2.09375000e-01 0.00000000e+00)
(2.10625000e-01 0.00000000e+00)
(2.11875000e-01 0.00000000e+00)
(2.13125000e-01 0.00000000e+00)
(2.14375000e-01 0.00000000e+00)
(2.15625000e-01 0.00000000e+00)
(2.16875000e-01 0.00000000e+00)
(2.18125000e-01 0.00000000e+00)
(2.19375000e-01 0.00000000e+00)
(2.20625000e-01 0.00000000e+00)
(2.21875000e-01 0.00000000e+00)
(2.23125000e-01 0.00000000e+00)
(2.24375000e-01 0.00000000e+00)
(2.25625000e-01 0.00000000e+00)
(2.26875000e-01 0.00000000e+00)
(2.28125000e-01 0.00000000e+00)
(2.29375000e-01 0.00000000e+00)
(2.30625000e-01 0.00000000e+00)
(2.31875000e-01 0.00000000e+00)
(2.33125000e-01 0.00000000e+00)
(2.34375000e-01 0.00000000e+00)
(2.35625000e-01 0.00000000e+00)
(2.36875000e-01 0.00000000e+00)
(2.38125000e-01 0.00000000e+00)
(2.39375000e-01 0.00000000e+00)
(2.40625000e-01 0.00000000e+00)
(2.41875000e-01 0.00000000e+00)
(2.43125000e-01 0.00000000e+00)
(2.44375000e-01 0.00000000e+00)
(2.45625000e-01 0.00000000e+00)
(2.46875000e-01 0.00000000e+00)
(2.48125000e-01 0.00000000e+00)
(2.49375000e-01 0.00000000e+00)
(2.50625000e-01 0.00000000e+00)
(2.51875000e-01 0.00000000e+00)
(2.53125000e-01 0.00000000e+00)
(2.54375000e-01 0.00000000e+00)
(2.55625000e-01 0.00000000e+00)
(2.56875000e-01 0.00000000e+00)
(2.58125000e-01 0.00000000e+00)
(2.59375000e-01 0.00000000e+00)
(2.60625000e-01 0.00000000e+00)
(2.61875000e-01 0.00000000e+00)
(2.63125000e-01 0.00000000e+00)
(2.64375000e-01 0.00000000e+00)
(2.65625000e-01 0.00000000e+00)
(2.66875000e-01 0.00000000e+00)
(2.68125000e-01 0.00000000e+00)
(2.69375000e-01 0.00000000e+00)
(2.70625000e-01 0.00000000e+00)
(2.71875000e-01 0.00000000e+00)
(2.73125000e-01 0.00000000e+00)
(2.74375000e-01 0.00000000e+00)
(2.75625000e-01 0.00000000e+00)
(2.76875000e-01 0.00000000e+00)
(2.78125000e-01 0.00000000e+00)
(2.79375000e-01 0.00000000e+00)
(2.80625000e-01 0.00000000e+00)
(2.81875000e-01 0.00000000e+00)
(2.83125000e-01 0.00000000e+00)
(2.84375000e-01 0.00000000e+00)
(2.85625000e-01 0.00000000e+00)
(2.86875000e-01 0.00000000e+00)
(2.88125000e-01 0.00000000e+00)
(2.89375000e-01 0.00000000e+00)
(2.90625000e-01 0.00000000e+00)
(2.91875000e-01 0.00000000e+00)
(2.93125000e-01 0.00000000e+00)
(2.94375000e-01 0.00000000e+00)
(2.95625000e-01 0.00000000e+00)
(2.96875000e-01 0.00000000e+00)
(2.98125000e-01 0.00000000e+00)
(2.99375000e-01 0.00000000e+00)
(3.00625000e-01 0.00000000e+00)
(3.01875000e-01 0.00000000e+00)
(3.03125000e-01 0.00000000e+00)
(3.04375000e-01 0.00000000e+00)
(3.05625000e-01 0.00000000e+00)
(3.06875000e-01 0.00000000e+00)
(3.08125000e-01 0.00000000e+00)
(3.09375000e-01 0.00000000e+00)
(3.10625000e-01 0.00000000e+00)
(3.11875000e-01 0.00000000e+00)
(3.13125000e-01 0.00000000e+00)
(3.14375000e-01 0.00000000e+00)
(3.15625000e-01 0.00000000e+00)
(3.16875000e-01 0.00000000e+00)
(3.18125000e-01 0.00000000e+00)
(3.19375000e-01 0.00000000e+00)
(3.20625000e-01 0.00000000e+00)
(3.21875000e-01 0.00000000e+00)
(3.23125000e-01 0.00000000e+00)
(3.24375000e-01 0.00000000e+00)
(3.25625000e-01 0.00000000e+00)
(3.26875000e-01 0.00000000e+00)
(3.28125000e-01 0.00000000e+00)
(3.29375000e-01 0.00000000e+00)
)