(
(-0.09961875 0.612803796172)
(-0.09878 0.612733357358)
(-0.0980175 0.612731871327)
(-0.097255 0.612661285407)
(-0.0964925 0.612658243824)
(-0.09573 0.612587504032)
(-0.0949675 0.612582837963)
(-0.094205 0.612511933512)
(-0.0934425 0.612505571597)
(-0.09268 0.612434488728)
(-0.0919175 0.612426356938)
(-0.091155 0.612355078296)
(-0.0903925 0.612345100089)
(-0.08963 0.61227360402)
(-0.0888675 0.612261700343)
(-0.088105 0.61218996032)
(-0.0873425 0.612176049429)
(-0.08658 0.612104033533)
(-0.0858175 0.612088030702)
(-0.085055 0.612015701091)
(-0.0842925 0.611997518251)
(-0.08353 0.611924830578)
(-0.0827675 0.611904375888)
(-0.082005 0.611831278663)
(-0.0812425 0.611808455997)
(-0.08048 0.61173488989)
(-0.0797175 0.611709598208)
(-0.078955 0.611635495296)
(-0.0781925 0.611607627887)
(-0.07743 0.611532910835)
(-0.0766675 0.611502354395)
(-0.075905 0.61142693556)
(-0.0751425 0.611393569071)
(-0.07438 0.611317349524)
(-0.0736175 0.611281042903)
(-0.072855 0.611203911324)
(-0.0720925 0.611164523852)
(-0.07133 0.611086355187)
(-0.0705675 0.611043733766)
(-0.069805 0.610964387525)
(-0.0690425 0.610918364758)
(-0.06828 0.610837682959)
(-0.0675175 0.610788074624)
(-0.066755 0.610705879828)
(-0.0659925 0.610652481541)
(-0.06523 0.610568574623)
(-0.0644675 0.610511157727)
(-0.063705 0.610425315349)
(-0.0629425 0.610363621799)
(-0.06218 0.610275593511)
(-0.0614175 0.610209329473)
(-0.060655 0.610118834372)
(-0.0598925 0.610047662174)
(-0.05913 0.609954385036)
(-0.0583675 0.609877912957)
(-0.057605 0.609781499724)
(-0.0568425 0.609699268934)
(-0.05608 0.609599321424)
(-0.0553175 0.609510789134)
(-0.054555 0.609406858806)
(-0.0537925 0.609311376289)
(-0.05303 0.609202956822)
(-0.0522675 0.60909974042)
(-0.051505 0.608986258851)
(-0.0507425 0.608874351241)
(-0.04998 0.608755157256)
(-0.0492175 0.60863337495)
(-0.048455 0.608507727836)
(-0.0476925 0.608374588912)
(-0.04693 0.608241641465)
(-0.0461675 0.608095264246)
(-0.045405 0.607954042628)
(-0.0446425 0.607792000751)
(-0.04388 0.607641378813)
(-0.0431175 0.607460488972)
(-0.042355 0.60729915474)
(-0.0415925 0.607095157271)
(-0.04083 0.606921567833)
(-0.0400675 0.606688630315)
(-0.039305 0.606500948606)
(-0.0385425 0.606230864049)
(-0.03778 0.606026865539)
(-0.0370175 0.605707694511)
(-0.036255 0.605484619819)
(-0.0354925 0.605098250374)
(-0.03473 0.60485255152)
(-0.0339675 0.604369964817)
(-0.033205 0.604096818629)
(-0.0324425 0.603467879665)
(-0.03168 0.603160215633)
(-0.0309175 0.602287983676)
(-0.030155 0.601934300791)
(-0.0293925 0.600593718156)
(-0.02863 0.60017125088)
(-0.0278675 0.597611852006)
(-0.027105 0.597054171313)
(-0.0263425 0.521097212303)
(-0.02558 7.46845524687e-09)
(-0.0248175 7.58252695067e-19)
(-0.024055 3.89841263938e-35)
(-0.0232925 6.68598388891e-42)
(-0.02253 4.57876772657e-43)
(-0.0217675 1.53726202533e-54)
(-0.021005 7.14010139455e-56)
(-0.0202425 0.0)
(-0.01948 5.99006415769e-118)
(-0.0187175 6.55875078065e-133)
(-0.017955 0.0)
(-0.0171925 1.59554242882e-148)
(-0.01643 0.0)
(-0.0156675 1.35395619372e-171)
(-0.014905 0.0)
(-0.0141425 5.9484200521e-188)
(-0.01338 0.0)
(-0.0126175 4.30501352981e-282)
(-0.011855 0.0)
(-0.0110925 4.93029990415e-297)
(-0.01033 1.10790292605e-311)
(-0.0095675 0.0)
(-0.008805 1.88234070409e-319)
(-0.0080425 4.98561643218e-320)
(-0.00728 0.0)
(-0.0065175 2.32739503786e-319)
(-0.005755 2.28648640239e-319)
(-0.0049925 2.388313332e-319)
(-0.00423 2.9029321087e-319)
(-0.0034675 9.37291936725e-320)
(-0.002705 0.0)
(-0.0019425 2.18179389203e-319)
(-0.00118 2.27956948335e-319)
(-0.0004175 3.32017054662e-319)
(0.000345 2.84087746359e-321)
(0.0011075 1.48713759398e-320)
(0.00187 4.12544814277e-320)
(0.0026325 0.0)
(0.003395 2.49908284979e-319)
(0.0041575 2.69359649456e-319)
(0.00492 1.3418822941e-320)
(0.0056825 0.0)
(0.006445 2.50219546336e-319)
(0.0072075 2.56192799995e-319)
(0.00797 1.75467414121e-319)
(0.0087325 2.96221998621e-319)
(0.009495 1.09312024142e-319)
(0.0102575 0.0)
(0.01102 2.21958991394e-319)
(0.0117825 1.99375250723e-319)
(0.012545 2.79611511607e-319)
(0.0133075 2.08001636899e-321)
(0.01407 0.0)
(0.0148325 2.54285706602e-319)
(0.015595 3.50094916643e-319)
(0.0163575 3.59788484615e-319)
(0.01712 0.0)
(0.0178825 0.0)
(0.018645 2.5060491754e-319)
(0.0194075 3.84274378022e-319)
(0.02017 4.59164848619e-319)
(0.0209325 5.92641623499e-319)
(0.021695 2.17023275592e-319)
(0.0224575 8.06315134013e-321)
(0.02322 9.84178766516e-321)
(0.0239825 0.0)
(0.024745 2.05234869282e-320)
(0.0255075 0.0)
(0.02627 2.27339366277e-319)
(0.0270325 2.8129627546e-319)
(0.027795 6.93618760197e-320)
(0.0285575 0.0)
(0.02932 1.3308646302e-319)
(0.0300825 2.06010552346e-319)
(0.030845 2.47507125941e-319)
(0.0316075 2.13500587537e-319)
(0.03237 0.0)
(0.0331325 1.58101006669e-322)
(0.033895 1.77863632503e-322)
(0.0346575 0.0)
(0.03542 3.94575646738e-319)
(0.0361825 3.81527373032e-319)
(0.036945 1.59237357655e-320)
(0.0377075 3.39867757774e-320)
(0.03847 1.90165867084e-320)
(0.0392325 4.00193173131e-322)
(0.039995 8.3991159793e-323)
(0.0407575 0.0)
(0.04152 4.94065645841e-324)
(0.0422825 0.0)
(0.043045 5.31614634925e-320)
(0.0438075 0.0)
(0.04457 8.79436849597e-320)
(0.0453325 0.0)
(0.046095 2.41400474558e-319)
(0.0468575 0.0)
(0.04762 2.44908340644e-320)
(0.0483825 3.76823868083e-320)
(0.049145 1.10176639023e-321)
(0.0499075 4.44659081257e-323)
(0.05067 0.0)
(0.0514325 0.0)
(0.052195 0.0)
(0.0529575 0.0)
(0.05372 0.0)
(0.0544825 0.0)
(0.055245 0.0)
(0.0560075 0.0)
(0.05677 0.0)
(0.0575325 0.0)
(0.058295 0.0)
(0.0590575 0.0)
(0.05982 0.0)
(0.0605825 0.0)
(0.061345 0.0)
(0.0621075 0.0)
(0.06287 0.0)
(0.0636325 0.0)
(0.064395 0.0)
(0.0651575 0.0)
(0.06592 0.0)
(0.0666825 0.0)
(0.067445 0.0)
(0.0682075 0.0)
(0.06897 0.0)
(0.0697325 0.0)
(0.070495 0.0)
(0.0712575 0.0)
(0.07202 0.0)
(0.0727825 0.0)
(0.073545 0.0)
(0.0743075 0.0)
(0.07507 0.0)
(0.0758325 0.0)
(0.076595 0.0)
(0.0773575 0.0)
(0.07812 0.0)
(0.0788825 0.0)
(0.079645 0.0)
(0.0804075 0.0)
(0.08117 0.0)
(0.0819325 0.0)
(0.082695 0.0)
(0.0834575 0.0)
(0.08422 0.0)
(0.0849825 0.0)
(0.085745 0.0)
(0.0865075 0.0)
(0.08727 0.0)
(0.0880325 0.0)
(0.088795 0.0)
(0.0895575 0.0)
(0.09032 0.0)
(0.0910825 0.0)
(0.091845 0.0)
(0.0926075 0.0)
(0.09337 0.0)
(0.0941325 0.0)
(0.094895 0.0)
(0.0956575 0.0)
(0.09642 0.0)
(0.0971825 0.0)
(0.097945 0.0)
(0.0987075 0.0)
(0.09947 0.0)
(0.1002325 0.0)
(0.100995 0.0)
(0.1017575 0.0)
(0.10252 0.0)
(0.1032825 0.0)
(0.104045 0.0)
(0.1048075 0.0)
(0.10557 0.0)
(0.1063325 0.0)
(0.107095 0.0)
(0.1078575 0.0)
(0.10862 0.0)
(0.1093825 0.0)
(0.110145 0.0)
(0.1109075 0.0)
(0.11167 0.0)
(0.1124325 0.0)
(0.113195 0.0)
(0.1139575 0.0)
(0.11472 0.0)
(0.1154825 0.0)
(0.116245 0.0)
(0.1170075 0.0)
(0.11777 0.0)
(0.1185325 0.0)
(0.119295 0.0)
(0.1200575 0.0)
(0.12082 0.0)
(0.1215825 0.0)
(0.122345 0.0)
(0.1231075 0.0)
(0.12387 0.0)
(0.1246325 0.0)
(0.125395 0.0)
(0.1261575 0.0)
(0.12692 0.0)
(0.1276825 0.0)
(0.128445 0.0)
(0.1292075 0.0)
(0.12997 0.0)
(0.1307325 0.0)
(0.131495 0.0)
(0.1322575 0.0)
(0.13302 0.0)
(0.1337825 0.0)
(0.134545 0.0)
(0.1353075 0.0)
(0.13607 0.0)
(0.1368325 0.0)
(0.137595 0.0)
(0.1383575 0.0)
(0.13912 0.0)
(0.1398825 0.0)
(0.140645 0.0)
(0.1414075 0.0)
(0.14217 0.0)
(0.1429325 0.0)
(0.143695 0.0)
(0.1444575 0.0)
(0.14522 0.0)
(0.1459825 0.0)
(0.146745 0.0)
(0.1475075 0.0)
(0.14827 0.0)
(0.1490325 0.0)
(0.149795 0.0)
(0.1505575 0.0)
(0.15132 0.0)
(0.1520825 0.0)
(0.152845 0.0)
(0.1536075 0.0)
(0.15437 0.0)
(0.1551325 0.0)
(0.155895 0.0)
(0.1566575 0.0)
(0.15742 0.0)
(0.1581825 0.0)
(0.158945 0.0)
(0.1597075 0.0)
(0.16047 0.0)
(0.1612325 0.0)
(0.161995 0.0)
(0.1627575 0.0)
(0.16352 0.0)
(0.1642825 0.0)
(0.165045 0.0)
(0.1658075 0.0)
(0.16657 0.0)
(0.1673325 0.0)
(0.168095 0.0)
(0.1688575 0.0)
(0.16962 0.0)
(0.1703825 0.0)
(0.171145 0.0)
(0.1719075 0.0)
(0.17267 0.0)
(0.1734325 0.0)
(0.174195 0.0)
(0.1749575 0.0)
(0.17572 0.0)
(0.1764825 0.0)
(0.177245 0.0)
(0.1780075 0.0)
(0.17877 0.0)
(0.1795325 0.0)
(0.180295 0.0)
(0.1810575 0.0)
(0.18182 0.0)
(0.1825825 0.0)
(0.183345 0.0)
(0.1841075 0.0)
(0.18487 0.0)
(0.1856325 0.0)
(0.186395 0.0)
(0.1871575 0.0)
(0.18792 0.0)
(0.1886825 0.0)
(0.189445 0.0)
(0.1902075 0.0)
(0.19097 0.0)
(0.1917325 0.0)
(0.192495 0.0)
(0.1932575 0.0)
(0.19402 0.0)
(0.1947825 0.0)
(0.195545 0.0)
(0.1963075 0.0)
(0.19707 0.0)
(0.1978325 0.0)
(0.198595 0.0)
(0.1993575 0.0)
(0.20012 0.0)
(0.2008825 0.0)
(0.201645 0.0)
(0.2024075 0.0)
(0.20317 0.0)
(0.2039325 0.0)
(0.204695 0.0)
)
