(
(-0.0496094 0.611392)
(-0.0488281 0.611326)
(-0.0480469 0.611286)
(-0.0472656 0.611202)
(-0.0464844 0.611171)
(-0.0457031 0.611079)
(-0.0449219 0.611048)
(-0.0441406 0.610956)
(-0.0433594 0.610917)
(-0.0425781 0.610829)
(-0.0417969 0.610779)
(-0.0410156 0.610697)
(-0.0402344 0.610637)
(-0.0394531 0.610558)
(-0.0386719 0.61049)
(-0.0378906 0.610411)
(-0.0371094 0.610338)
(-0.0363281 0.610257)
(-0.0355469 0.610179)
(-0.0347656 0.610095)
(-0.0339844 0.610012)
(-0.0332031 0.609925)
(-0.0324219 0.609837)
(-0.0316406 0.609745)
(-0.0308594 0.609652)
(-0.0300781 0.609555)
(-0.0292969 0.609457)
(-0.0285156 0.609355)
(-0.0277344 0.60925)
(-0.0269531 0.609141)
(-0.0261719 0.60903)
(-0.0253906 0.608914)
(-0.0246094 0.608795)
(-0.0238281 0.608671)
(-0.0230469 0.608543)
(-0.0222656 0.60841)
(-0.0214844 0.608271)
(-0.0207031 0.608127)
(-0.0199219 0.607977)
(-0.0191406 0.607821)
(-0.0183594 0.607657)
(-0.0175781 0.607485)
(-0.0167969 0.607305)
(-0.0160156 0.607116)
(-0.0152344 0.606916)
(-0.0144531 0.606704)
(-0.0136719 0.606479)
(-0.0128906 0.606241)
(-0.0121094 0.605985)
(-0.0113281 0.605711)
(-0.0105469 0.605413)
(-0.00976562 0.605095)
(-0.00898437 0.60474)
(-0.00820312 0.604359)
(-0.00742187 0.603923)
(-0.00664062 0.603444)
(-0.00585937 0.602898)
(-0.00507812 0.60222)
(-0.00429687 0.601565)
(-0.00351563 0.600343)
(-0.00273437 0.599689)
(-0.00195312 0.596611)
(-0.00117188 0.596013)
(-0.000390625 0.426341)
(0.000393726 0.0828565)
(0.0011835 0.0233586)
(0.00197795 0.00707301)
(0.00277708 0.00314417)
(0.00358094 0.00137274)
(0.00438955 0.000771036)
(0.00520293 0.000408993)
(0.00602111 3.67502e-17)
(0.00684413 5.84403e-12)
(0.00767201 2.41954e-11)
(0.00850479 5.4676e-14)
(0.00934248 2.47836e-14)
(0.0101851 2.35264e-17)
(0.0110327 1.95997e-17)
(0.0118854 5.6574e-23)
(0.012743 4.87468e-24)
(0.0136057 6.07964e-31)
(0.0144736 1.42799e-35)
(0.0153465 1.87748e-42)
(0.0162246 2.17997e-47)
(0.0171079 2.63808e-54)
(0.0179964 1.82571e-59)
(0.0188902 2.03594e-66)
(0.0197892 8.46727e-72)
(0.0206936 8.69626e-79)
(0.0216032 2.22009e-84)
(0.0225183 2.09227e-91)
(0.0234388 3.29305e-97)
(0.0243647 2.83934e-104)
(0.0252961 2.81035e-110)
(0.0262329 2.19998e-117)
(0.0271753 1.38878e-123)
(0.0281233 9.7883e-131)
(0.0290769 4.01115e-137)
(0.0300361 2.54582e-144)
(0.031001 6.90055e-151)
(0.0319715 3.88699e-158)
(0.0329479 7.0551e-165)
(0.0339299 3.50392e-172)
(0.0349178 4.35198e-179)
(0.0359115 1.89348e-186)
(0.0369111 1.63364e-193)
(0.0379166 6.11284e-201)
(0.038928 3.74743e-208)
(0.0399454 1.19209e-215)
(0.0409688 5.30421e-223)
(0.0419983 1.41063e-230)
(0.0430338 4.65301e-238)
(0.0440755 1.03347e-245)
(0.0451233 2.54643e-253)
(0.0461773 4.62429e-261)
(0.0472375 8.71965e-269)
(0.048304 1.3006e-276)
(0.0493768 1.95025e-284)
(0.0504559 2.40673e-292)
(0.0515414 2.78359e-300)
(0.0526333 2.71883e-308)
(0.0537316 7.27857509453e-320)
(0.0548365 0.0)
(0.0559478 0.0)
(0.0570658 0.0)
(0.0581903 0.0)
(0.0593215 0.0)
(0.0604594 0.0)
(0.0616039 0.0)
(0.0627553 0.0)
(0.0639134 0.0)
(0.0650784 0.0)
(0.0662503 0.0)
(0.0674291 0.0)
(0.0686148 0.0)
(0.0698076 0.0)
(0.0710074 0.0)
(0.0722143 0.0)
(0.0734283 0.0)
(0.0746495 0.0)
(0.0758779 0.0)
(0.0771136 0.0)
(0.0783565 0.0)
(0.0796068 0.0)
(0.0808645 0.0)
(0.0821297 0.0)
(0.0834022 0.0)
(0.0846824 0.0)
(0.08597 0.0)
(0.0872653 0.0)
(0.0885682 0.0)
(0.0898788 0.0)
(0.0911972 0.0)
(0.0925234 0.0)
(0.0938574 0.0)
(0.0951992 0.0)
(0.096549 0.0)
(0.0979068 0.0)
(0.0992726 0.0)
(0.100646 0.0)
(0.102028 0.0)
(0.103419 0.0)
(0.104817 0.0)
(0.106223 0.0)
(0.107638 0.0)
(0.109062 0.0)
(0.110493 0.0)
(0.111933 0.0)
(0.113382 0.0)
(0.114839 0.0)
(0.116305 0.0)
(0.11778 0.0)
(0.119263 0.0)
(0.120755 0.0)
(0.122255 0.0)
(0.123765 0.0)
(0.125284 0.0)
(0.126811 0.0)
(0.128348 0.0)
(0.129893 0.0)
(0.131448 0.0)
(0.133012 0.0)
(0.134585 0.0)
(0.136167 0.0)
(0.137759 0.0)
(0.13936 0.0)
(0.140971 0.0)
(0.142591 0.0)
(0.144221 0.0)
(0.14586 0.0)
(0.147509 0.0)
(0.149168 0.0)
)
