(
(-0.0496094 1e-15)
(-0.0488281 1e-15)
(-0.0480469 1e-15)
(-0.0472656 1e-15)
(-0.0464844 1e-15)
(-0.0457031 1e-15)
(-0.0449219 1e-15)
(-0.0441406 1e-15)
(-0.0433594 1e-15)
(-0.0425781 1e-15)
(-0.0417969 1e-15)
(-0.0410156 1e-15)
(-0.0402344 1e-15)
(-0.0394531 1e-15)
(-0.0386719 1e-15)
(-0.0378906 1e-15)
(-0.0371094 1e-15)
(-0.0363281 1e-15)
(-0.0355469 1e-15)
(-0.0347656 1e-15)
(-0.0339844 1e-15)
(-0.0332031 1e-15)
(-0.0324219 1e-15)
(-0.0316406 1e-15)
(-0.0308594 1e-15)
(-0.0300781 1e-15)
(-0.0292969 1e-15)
(-0.0285156 1e-15)
(-0.0277344 1e-15)
(-0.0269531 1e-15)
(-0.0261719 1e-15)
(-0.0253906 1e-15)
(-0.0246094 1e-15)
(-0.0238281 1e-15)
(-0.0230469 1e-15)
(-0.0222656 1e-15)
(-0.0214844 1e-15)
(-0.0207031 1e-15)
(-0.0199219 1e-15)
(-0.0191406 1e-15)
(-0.0183594 1e-15)
(-0.0175781 1e-15)
(-0.0167969 1e-15)
(-0.0160156 1e-15)
(-0.0152344 1e-15)
(-0.0144531 1e-15)
(-0.0136719 1e-15)
(-0.0128906 1e-15)
(-0.0121094 1e-15)
(-0.0113281 1e-15)
(-0.0105469 1e-15)
(-0.00976562 1e-15)
(-0.00898437 1e-15)
(-0.00820312 1e-15)
(-0.00742187 1e-15)
(-0.00664062 1e-15)
(-0.00585937 1e-15)
(-0.00507812 6.56615e-15)
(-0.00429687 3.43719e-13)
(-0.00351563 2.2515e-11)
(-0.00273437 1.81421e-09)
(-0.00195312 1.81072e-07)
(-0.00117188 2.21537e-05)
(-0.000390625 0.00276265)
(0.000393726 0.0538353)
(0.0011835 0.0536541)
(0.00197795 0.0412111)
(0.00277708 0.0326888)
(0.00358094 0.0268946)
(0.00438955 0.0227589)
(0.00520293 0.0196792)
(0.00602111 0.0173033)
(0.00684413 0.0154171)
(0.00767201 0.0138848)
(0.00850479 0.0126153)
(0.00934248 0.0115465)
(0.0101851 0.0106342)
(0.0110327 0.00984619)
(0.0118854 0.00915867)
(0.012743 0.00855346)
(0.0136057 0.0080165)
(0.0144736 0.00753681)
(0.0153465 0.00710559)
(0.0162246 0.0067158)
(0.0171079 0.00636167)
(0.0179964 0.00603847)
(0.0188902 0.00574227)
(0.0197892 0.00546978)
(0.0206936 0.00521821)
(0.0216032 0.00498522)
(0.0225183 0.00476878)
(0.0234388 0.00456716)
(0.0243647 0.00437886)
(0.0252961 0.00420257)
(0.0262329 0.00403716)
(0.0271753 0.00388163)
(0.0281233 0.00373509)
(0.0290769 0.00359677)
(0.0300361 0.00346599)
(0.031001 0.00334212)
(0.0319715 0.00322461)
(0.0329479 0.00311298)
(0.0339299 0.00300677)
(0.0349178 0.0029056)
(0.0359115 0.0028091)
(0.0369111 0.00271694)
(0.0379166 0.00262882)
(0.038928 0.00254449)
(0.0399454 0.00246368)
(0.0409688 0.00238618)
(0.0419983 0.00231178)
(0.0430338 0.00224029)
(0.0440755 0.00217153)
(0.0451233 0.00210536)
(0.0461773 0.00204161)
(0.0472375 0.00198016)
(0.048304 0.00192087)
(0.0493768 0.00186364)
(0.0504559 0.00180835)
(0.0515414 0.0017549)
(0.0526333 0.0017032)
(0.0537316 0.00165317)
(0.0548365 0.00160473)
(0.0559478 0.00155779)
(0.0570658 0.00151229)
(0.0581903 0.00146816)
(0.0593215 0.00142535)
(0.0604594 0.0013838)
(0.0616039 0.00134344)
(0.0627553 0.00130425)
(0.0639134 0.00126615)
(0.0650784 0.00122912)
(0.0662503 0.00119312)
(0.0674291 0.0011581)
(0.0686148 0.00112402)
(0.0698076 0.00109087)
(0.0710074 0.00105859)
(0.0722143 0.00102718)
(0.0734283 0.000996585)
(0.0746495 0.000966797)
(0.0758779 0.000937788)
(0.0771136 0.000909534)
(0.0783565 0.000882016)
(0.0796068 0.000855214)
(0.0808645 0.00082911)
(0.0821297 0.000803687)
(0.0834022 0.000778931)
(0.0846824 0.000754827)
(0.08597 0.000731361)
(0.0872653 0.000708522)
(0.0885682 0.000686298)
(0.0898788 0.000664679)
(0.0911972 0.000643657)
(0.0925234 0.000623221)
(0.0938574 0.000603364)
(0.0951992 0.000584081)
(0.096549 0.000565363)
(0.0979068 0.000547205)
(0.0992726 0.000529602)
(0.100646 0.00051255)
(0.102028 0.000496044)
(0.103419 0.000480081)
(0.104817 0.000464656)
(0.106223 0.000449768)
(0.107638 0.000435413)
(0.109062 0.000421588)
(0.110493 0.000408291)
(0.111933 0.000395521)
(0.113382 0.000383275)
(0.114839 0.00037155)
(0.116305 0.000360345)
(0.11778 0.000349658)
(0.119263 0.000339488)
(0.120755 0.000329831)
(0.122255 0.000320686)
(0.123765 0.000312052)
(0.125284 0.000303926)
(0.126811 0.000296307)
(0.128348 0.000289193)
(0.129893 0.000282582)
(0.131448 0.000276473)
(0.133012 0.000270865)
(0.134585 0.000265757)
(0.136167 0.000261149)
(0.137759 0.000257042)
(0.13936 0.000253435)
(0.140971 0.000250332)
(0.142591 0.000247733)
(0.144221 0.000245644)
(0.14586 0.000244067)
(0.147509 0.000243008)
(0.149168 0.000242475)
)
