(
(-0.0496094 5.40018e-09)
(-0.0488281 -7.66406)
(-0.0480469 -15.3281)
(-0.0472656 -22.9922)
(-0.0464844 -30.6563)
(-0.0457031 -38.3203)
(-0.0449219 -45.9844)
(-0.0441406 -53.6484)
(-0.0433594 -61.3125)
(-0.0425781 -68.9766)
(-0.0417969 -76.6406)
(-0.0410156 -84.3047)
(-0.0402344 -91.9688)
(-0.0394531 -99.6328)
(-0.0386719 -107.297)
(-0.0378906 -114.961)
(-0.0371094 -122.625)
(-0.0363281 -130.289)
(-0.0355469 -137.953)
(-0.0347656 -145.617)
(-0.0339844 -153.281)
(-0.0332031 -160.945)
(-0.0324219 -168.609)
(-0.0316406 -176.273)
(-0.0308594 -183.938)
(-0.0300781 -191.602)
(-0.0292969 -199.266)
(-0.0285156 -206.93)
(-0.0277344 -214.594)
(-0.0269531 -222.258)
(-0.0261719 -229.922)
(-0.0253906 -237.586)
(-0.0246094 -245.25)
(-0.0238281 -252.914)
(-0.0230469 -260.578)
(-0.0222656 -268.242)
(-0.0214844 -275.906)
(-0.0207031 -283.57)
(-0.0199219 -291.234)
(-0.0191406 -298.898)
(-0.0183594 -306.563)
(-0.0175781 -314.227)
(-0.0167969 -321.891)
(-0.0160156 -329.555)
(-0.0152344 -337.219)
(-0.0144531 -344.883)
(-0.0136719 -352.547)
(-0.0128906 -360.211)
(-0.0121094 -367.875)
(-0.0113281 -375.539)
(-0.0105469 -383.203)
(-0.00976562 -390.867)
(-0.00898437 -398.531)
(-0.00820312 -406.195)
(-0.00742187 -413.859)
(-0.00664062 -421.524)
(-0.00585937 -429.188)
(-0.00507812 -436.852)
(-0.00429687 -444.516)
(-0.00351563 -452.18)
(-0.00273437 -459.844)
(-0.00195312 -467.508)
(-0.00117188 -475.171)
(-0.000390625 -482.967)
(0.000393726 -491.642)
(0.0011835 -499.779)
(0.00197795 -507.695)
(0.00277708 -515.594)
(0.00358094 -523.501)
(0.00438955 -531.447)
(0.00520293 -539.433)
(0.00602111 -547.465)
(0.00684413 -555.538)
(0.00767201 -563.66)
(0.00850479 -571.829)
(0.00934248 -580.047)
(0.0101851 -588.314)
(0.0110327 -596.629)
(0.0118854 -604.993)
(0.012743 -613.407)
(0.0136057 -621.87)
(0.0144736 -630.383)
(0.0153465 -638.947)
(0.0162246 -647.561)
(0.0171079 -656.226)
(0.0179964 -664.942)
(0.0188902 -673.71)
(0.0197892 -682.53)
(0.0206936 -691.401)
(0.0216032 -700.325)
(0.0225183 -709.302)
(0.0234388 -718.332)
(0.0243647 -727.415)
(0.0252961 -736.552)
(0.0262329 -745.743)
(0.0271753 -754.988)
(0.0281233 -764.287)
(0.0290769 -773.642)
(0.0300361 -783.052)
(0.031001 -792.517)
(0.0319715 -802.038)
(0.0329479 -811.616)
(0.0339299 -821.25)
(0.0349178 -830.941)
(0.0359115 -840.69)
(0.0369111 -850.495)
(0.0379166 -860.359)
(0.038928 -870.281)
(0.0399454 -880.262)
(0.0409688 -890.302)
(0.0419983 -900.401)
(0.0430338 -910.559)
(0.0440755 -920.778)
(0.0451233 -931.057)
(0.0461773 -941.397)
(0.0472375 -951.797)
(0.048304 -962.259)
(0.0493768 -972.783)
(0.0504559 -983.37)
(0.0515414 -994.018)
(0.0526333 -1004.73)
(0.0537316 -1015.5)
(0.0548365 -1026.34)
(0.0559478 -1037.25)
(0.0570658 -1048.21)
(0.0581903 -1059.24)
(0.0593215 -1070.34)
(0.0604594 -1081.5)
(0.0616039 -1092.73)
(0.0627553 -1104.03)
(0.0639134 -1115.39)
(0.0650784 -1126.82)
(0.0662503 -1138.31)
(0.0674291 -1149.88)
(0.0686148 -1161.51)
(0.0698076 -1173.21)
(0.0710074 -1184.98)
(0.0722143 -1196.82)
(0.0734283 -1208.73)
(0.0746495 -1220.71)
(0.0758779 -1232.76)
(0.0771136 -1244.88)
(0.0783565 -1257.08)
(0.0796068 -1269.34)
(0.0808645 -1281.68)
(0.0821297 -1294.09)
(0.0834022 -1306.57)
(0.0846824 -1319.13)
(0.08597 -1331.76)
(0.0872653 -1344.47)
(0.0885682 -1357.25)
(0.0898788 -1370.11)
(0.0911972 -1383.04)
(0.0925234 -1396.05)
(0.0938574 -1409.14)
(0.0951992 -1422.3)
(0.096549 -1435.54)
(0.0979068 -1448.86)
(0.0992726 -1462.26)
(0.100646 -1475.74)
(0.102028 -1489.3)
(0.103419 -1502.93)
(0.104817 -1516.65)
(0.106223 -1530.45)
(0.107638 -1544.33)
(0.109062 -1558.29)
(0.110493 -1572.34)
(0.111933 -1586.46)
(0.113382 -1600.68)
(0.114839 -1614.97)
(0.116305 -1629.35)
(0.11778 -1643.82)
(0.119263 -1658.37)
(0.120755 -1673.0)
(0.122255 -1687.72)
(0.123765 -1702.53)
(0.125284 -1717.43)
(0.126811 -1732.41)
(0.128348 -1747.49)
(0.129893 -1762.65)
(0.131448 -1777.9)
(0.133012 -1793.24)
(0.134585 -1808.68)
(0.136167 -1824.2)
(0.137759 -1839.82)
(0.13936 -1855.52)
(0.140971 -1871.32)
(0.142591 -1887.22)
(0.144221 -1903.21)
(0.14586 -1919.29)
(0.147509 -1935.46)
(0.149168 -1951.74)
)
