(
(-0.0496094 1.48388e-06)
(-0.0488281 1.63096e-06)
(-0.0480469 1.63962e-06)
(-0.0472656 1.64219e-06)
(-0.0464844 1.64365e-06)
(-0.0457031 1.64604e-06)
(-0.0449219 1.64752e-06)
(-0.0441406 1.64994e-06)
(-0.0433594 1.65158e-06)
(-0.0425781 1.65396e-06)
(-0.0417969 1.65579e-06)
(-0.0410156 1.65812e-06)
(-0.0402344 1.66014e-06)
(-0.0394531 1.66247e-06)
(-0.0386719 1.66465e-06)
(-0.0378906 1.66702e-06)
(-0.0371094 1.66933e-06)
(-0.0363281 1.67177e-06)
(-0.0355469 1.6742e-06)
(-0.0347656 1.67674e-06)
(-0.0339844 1.67929e-06)
(-0.0332031 1.68194e-06)
(-0.0324219 1.68463e-06)
(-0.0316406 1.6874e-06)
(-0.0308594 1.69023e-06)
(-0.0300781 1.69314e-06)
(-0.0292969 1.69613e-06)
(-0.0285156 1.6992e-06)
(-0.0277344 1.70236e-06)
(-0.0269531 1.70561e-06)
(-0.0261719 1.70896e-06)
(-0.0253906 1.71242e-06)
(-0.0246094 1.71599e-06)
(-0.0238281 1.71968e-06)
(-0.0230469 1.7235e-06)
(-0.0222656 1.72745e-06)
(-0.0214844 1.73156e-06)
(-0.0207031 1.73581e-06)
(-0.0199219 1.74025e-06)
(-0.0191406 1.74487e-06)
(-0.0183594 1.7497e-06)
(-0.0175781 1.75475e-06)
(-0.0167969 1.76004e-06)
(-0.0160156 1.7656e-06)
(-0.0152344 1.77145e-06)
(-0.0144531 1.77764e-06)
(-0.0136719 1.7842e-06)
(-0.0128906 1.79117e-06)
(-0.0121094 1.79862e-06)
(-0.0113281 1.80658e-06)
(-0.0105469 1.81522e-06)
(-0.00976562 1.8245e-06)
(-0.00898437 1.83475e-06)
(-0.00820312 1.84587e-06)
(-0.00742187 1.85844e-06)
(-0.00664062 1.87237e-06)
(-0.00585937 1.88829e-06)
(-0.00507812 1.90754e-06)
(-0.00429687 1.92793e-06)
(-0.00351563 1.96117e-06)
(-0.00273437 2.012e-06)
(-0.00195312 2.96346e-06)
(-0.00117188 3.52314e-05)
(-0.000390625 0.00188391)
(0.000393726 0.110031)
(0.0011835 0.178777)
(0.00197795 0.216795)
(0.00277708 0.243441)
(0.00358094 0.264018)
(0.00438955 0.280846)
(0.00520293 0.29513)
(0.00602111 0.307568)
(0.00684413 0.318601)
(0.00767201 0.328536)
(0.00850479 0.337588)
(0.00934248 0.345916)
(0.0101851 0.353637)
(0.0110327 0.360842)
(0.0118854 0.367603)
(0.012743 0.373976)
(0.0136057 0.380009)
(0.0144736 0.385741)
(0.0153465 0.391204)
(0.0162246 0.396425)
(0.0171079 0.401428)
(0.0179964 0.406232)
(0.0188902 0.410855)
(0.0197892 0.415312)
(0.0206936 0.419617)
(0.0216032 0.42378)
(0.0225183 0.427813)
(0.0234388 0.431725)
(0.0243647 0.435524)
(0.0252961 0.439217)
(0.0262329 0.442812)
(0.0271753 0.446313)
(0.0281233 0.449727)
(0.0290769 0.453059)
(0.0300361 0.456313)
(0.031001 0.459493)
(0.0319715 0.462604)
(0.0329479 0.465648)
(0.0339299 0.468629)
(0.0349178 0.47155)
(0.0359115 0.474413)
(0.0369111 0.477222)
(0.0379166 0.479978)
(0.038928 0.482684)
(0.0399454 0.485342)
(0.0409688 0.487953)
(0.0419983 0.49052)
(0.0430338 0.493043)
(0.0440755 0.495525)
(0.0451233 0.497967)
(0.0461773 0.50037)
(0.0472375 0.502736)
(0.048304 0.505065)
(0.0493768 0.507359)
(0.0504559 0.509619)
(0.0515414 0.511845)
(0.0526333 0.514039)
(0.0537316 0.516201)
(0.0548365 0.518332)
(0.0559478 0.520433)
(0.0570658 0.522504)
(0.0581903 0.524547)
(0.0593215 0.526561)
(0.0604594 0.528547)
(0.0616039 0.530505)
(0.0627553 0.532437)
(0.0639134 0.534341)
(0.0650784 0.53622)
(0.0662503 0.538073)
(0.0674291 0.5399)
(0.0686148 0.541701)
(0.0698076 0.543477)
(0.0710074 0.545229)
(0.0722143 0.546955)
(0.0734283 0.548657)
(0.0746495 0.550333)
(0.0758779 0.551986)
(0.0771136 0.553613)
(0.0783565 0.555217)
(0.0796068 0.556795)
(0.0808645 0.558349)
(0.0821297 0.559878)
(0.0834022 0.561382)
(0.0846824 0.562861)
(0.08597 0.564315)
(0.0872653 0.565744)
(0.0885682 0.567147)
(0.0898788 0.568525)
(0.0911972 0.569876)
(0.0925234 0.571201)
(0.0938574 0.5725)
(0.0951992 0.573771)
(0.096549 0.575016)
(0.0979068 0.576232)
(0.0992726 0.577421)
(0.100646 0.578582)
(0.102028 0.579713)
(0.103419 0.580816)
(0.104817 0.581888)
(0.106223 0.582931)
(0.107638 0.583944)
(0.109062 0.584925)
(0.110493 0.585876)
(0.111933 0.586794)
(0.113382 0.587681)
(0.114839 0.588535)
(0.116305 0.589355)
(0.11778 0.590143)
(0.119263 0.590896)
(0.120755 0.591616)
(0.122255 0.592301)
(0.123765 0.592951)
(0.125284 0.593566)
(0.126811 0.594145)
(0.128348 0.594688)
(0.129893 0.595195)
(0.131448 0.595665)
(0.133012 0.596098)
(0.134585 0.596494)
(0.136167 0.596853)
(0.137759 0.597173)
(0.13936 0.597455)
(0.140971 0.597699)
(0.142591 0.597903)
(0.144221 0.598067)
(0.14586 0.598191)
(0.147509 0.598275)
(0.149168 0.598317)
)
