(
(-0.0496094 0.0)
(-0.0488281 0.0)
(-0.0480469 0.0)
(-0.0472656 0.0)
(-0.0464844 0.0)
(-0.0457031 0.0)
(-0.0449219 0.0)
(-0.0441406 0.0)
(-0.0433594 0.0)
(-0.0425781 0.0)
(-0.0417969 0.0)
(-0.0410156 0.0)
(-0.0402344 0.0)
(-0.0394531 0.0)
(-0.0386719 0.0)
(-0.0378906 0.0)
(-0.0371094 0.0)
(-0.0363281 0.0)
(-0.0355469 0.0)
(-0.0347656 0.0)
(-0.0339844 0.0)
(-0.0332031 0.0)
(-0.0324219 0.0)
(-0.0316406 0.0)
(-0.0308594 0.0)
(-0.0300781 0.0)
(-0.0292969 0.0)
(-0.0285156 0.0)
(-0.0277344 0.0)
(-0.0269531 0.0)
(-0.0261719 0.0)
(-0.0253906 0.0)
(-0.0246094 0.0)
(-0.0238281 0.0)
(-0.0230469 0.0)
(-0.0222656 0.0)
(-0.0214844 0.0)
(-0.0207031 0.0)
(-0.0199219 0.0)
(-0.0191406 0.0)
(-0.0183594 0.0)
(-0.0175781 0.0)
(-0.0167969 0.0)
(-0.0160156 0.0)
(-0.0152344 0.0)
(-0.0144531 0.0)
(-0.0136719 0.0)
(-0.0128906 0.0)
(-0.0121094 0.0)
(-0.0113281 0.0)
(-0.0105469 0.0)
(-0.00976562 0.0)
(-0.00898437 0.0)
(-0.00820312 0.0)
(-0.00742187 0.0)
(-0.00664062 0.0)
(-0.00585937 0.0)
(-0.00507812 0.0)
(-0.00429687 0.0)
(-0.00351563 0.0)
(-0.00273437 0.0)
(-0.00195312 0.0)
(-0.00117188 0.0)
(-0.000390625 0.0)
(0.000393726 0.0)
(0.0011835 0.0)
(0.00197795 0.0)
(0.00277708 0.0)
(0.00358094 0.0)
(0.00438955 0.0)
(0.00520293 0.0)
(0.00602111 0.0)
(0.00684413 0.0)
(0.00767201 0.0)
(0.00850479 0.0)
(0.00934248 0.0)
(0.0101851 0.0)
(0.0110327 0.0)
(0.0118854 0.0)
(0.012743 0.0)
(0.0136057 0.0)
(0.0144736 0.0)
(0.0153465 0.0)
(0.0162246 0.0)
(0.0171079 0.0)
(0.0179964 0.0)
(0.0188902 0.0)
(0.0197892 0.0)
(0.0206936 0.0)
(0.0216032 0.0)
(0.0225183 0.0)
(0.0234388 0.0)
(0.0243647 0.0)
(0.0252961 0.0)
(0.0262329 0.0)
(0.0271753 0.0)
(0.0281233 0.0)
(0.0290769 0.0)
(0.0300361 0.0)
(0.031001 0.0)
(0.0319715 0.0)
(0.0329479 0.0)
(0.0339299 0.0)
(0.0349178 0.0)
(0.0359115 0.0)
(0.0369111 0.0)
(0.0379166 0.0)
(0.038928 0.0)
(0.0399454 0.0)
(0.0409688 0.0)
(0.0419983 0.0)
(0.0430338 0.0)
(0.0440755 0.0)
(0.0451233 0.0)
(0.0461773 0.0)
(0.0472375 0.0)
(0.048304 0.0)
(0.0493768 0.0)
(0.0504559 0.0)
(0.0515414 0.0)
(0.0526333 0.0)
(0.0537316 0.0)
(0.0548365 0.0)
(0.0559478 0.0)
(0.0570658 0.0)
(0.0581903 0.0)
(0.0593215 0.0)
(0.0604594 0.0)
(0.0616039 0.0)
(0.0627553 0.0)
(0.0639134 0.0)
(0.0650784 0.0)
(0.0662503 0.0)
(0.0674291 0.0)
(0.0686148 0.0)
(0.0698076 0.0)
(0.0710074 0.0)
(0.0722143 0.0)
(0.0734283 0.0)
(0.0746495 0.0)
(0.0758779 0.0)
(0.0771136 0.0)
(0.0783565 0.0)
(0.0796068 0.0)
(0.0808645 0.0)
(0.0821297 0.0)
(0.0834022 0.0)
(0.0846824 0.0)
(0.08597 0.0)
(0.0872653 0.0)
(0.0885682 0.0)
(0.0898788 0.0)
(0.0911972 0.0)
(0.0925234 0.0)
(0.0938574 0.0)
(0.0951992 0.0)
(0.096549 0.0)
(0.0979068 0.0)
(0.0992726 0.0)
(0.100646 0.0)
(0.102028 0.0)
(0.103419 0.0)
(0.104817 0.0)
(0.106223 0.0)
(0.107638 0.0)
(0.109062 0.0)
(0.110493 0.0)
(0.111933 0.0)
(0.113382 0.0)
(0.114839 0.0)
(0.116305 0.0)
(0.11778 0.0)
(0.119263 0.0)
(0.120755 0.0)
(0.122255 0.0)
(0.123765 0.0)
(0.125284 0.0)
(0.126811 0.0)
(0.128348 0.0)
(0.129893 0.0)
(0.131448 0.0)
(0.133012 0.0)
(0.134585 0.0)
(0.136167 0.0)
(0.137759 0.0)
(0.13936 0.0)
(0.140971 0.0)
(0.142591 0.0)
(0.144221 0.0)
(0.14586 0.0)
(0.147509 0.0)
(0.149168 0.0)
)
