(
(-0.0496094 6.31043e-11)
(-0.0488281 -6.36036e-11)
(-0.0480469 3.60197e-11)
(-0.0472656 -4.20959e-11)
(-0.0464844 -6.63988e-12)
(-0.0457031 -1.53382e-11)
(-0.0449219 -4.47648e-11)
(-0.0441406 -1.93608e-12)
(-0.0433594 -6.57462e-11)
(-0.0425781 -6.46018e-12)
(-0.0417969 -7.19371e-11)
(-0.0410156 -2.23073e-11)
(-0.0402344 -7.13927e-11)
(-0.0394531 -4.23147e-11)
(-0.0386719 -7.09671e-11)
(-0.0378906 -5.99138e-11)
(-0.0371094 -7.55118e-11)
(-0.0363281 -7.31982e-11)
(-0.0355469 -8.45013e-11)
(-0.0347656 -8.45347e-11)
(-0.0339844 -9.50837e-11)
(-0.0332031 -9.61136e-11)
(-0.0324219 -1.05972e-10)
(-0.0316406 -1.09088e-10)
(-0.0308594 -1.17242e-10)
(-0.0300781 -1.21842e-10)
(-0.0292969 -1.30106e-10)
(-0.0285156 -1.35437e-10)
(-0.0277344 -1.43117e-10)
(-0.0269531 -1.50468e-10)
(-0.0261719 -1.56947e-10)
(-0.0253906 -1.65498e-10)
(-0.0246094 -1.73318e-10)
(-0.0238281 -1.80627e-10)
(-0.0230469 -1.90647e-10)
(-0.0222656 -1.98029e-10)
(-0.0214844 -2.08026e-10)
(-0.0207031 -2.17417e-10)
(-0.0199219 -2.27171e-10)
(-0.0191406 -2.38355e-10)
(-0.0183594 -2.47954e-10)
(-0.0175781 -2.6065e-10)
(-0.0167969 -2.72021e-10)
(-0.0160156 -2.8448e-10)
(-0.0152344 -2.98793e-10)
(-0.0144531 -3.11355e-10)
(-0.0136719 -3.28475e-10)
(-0.0128906 -3.41678e-10)
(-0.0121094 -3.63034e-10)
(-0.0113281 -3.75161e-10)
(-0.0105469 -4.03525e-10)
(-0.00976562 -4.14604e-10)
(-0.00898437 -4.50303e-10)
(-0.00820312 -4.65946e-10)
(-0.00742187 -4.90905e-10)
(-0.00664062 -5.78019e-10)
(-0.00585937 -4.28482e-10)
(-0.00507812 -9.46352e-10)
(-0.00429687 1.03031e-11)
(-0.00351563 -1.87883e-09)
(-0.00273437 9.988e-10)
(-0.00195312 -3.12132e-09)
(-0.00117188 1.3377e-09)
(-0.000390625 3.15713e-07)
(0.000393726 -2.96698e-05)
(0.0011835 2.87819e-05)
(0.00197795 -3.63969e-05)
(0.00277708 3.6467e-05)
(0.00358094 -3.74049e-05)
(0.00438955 3.80632e-05)
(0.00520293 -3.80361e-05)
(0.00602111 2.44162e-07)
(0.00684413 -5.05578e-08)
(0.00767201 5.75969e-09)
(0.00850479 2.56651e-10)
(0.00934248 -3.29691e-10)
(0.0101851 3.51086e-11)
(0.0110327 2.29198e-11)
(0.0118854 -4.80087e-12)
(0.012743 -6.34509e-12)
(0.0136057 -3.8495e-12)
(0.0144736 -3.1739e-12)
(0.0153465 -3.12039e-12)
(0.0162246 -3.00039e-12)
(0.0171079 -2.82715e-12)
(0.0179964 -2.66374e-12)
(0.0188902 -2.51652e-12)
(0.0197892 -2.37954e-12)
(0.0206936 -2.25043e-12)
(0.0216032 -2.12878e-12)
(0.0225183 -2.01424e-12)
(0.0234388 -1.90623e-12)
(0.0243647 -1.80413e-12)
(0.0252961 -1.70755e-12)
(0.0262329 -1.6161e-12)
(0.0271753 -1.52947e-12)
(0.0281233 -1.44757e-12)
(0.0290769 -1.36989e-12)
(0.0300361 -1.29616e-12)
(0.031001 -1.22637e-12)
(0.0319715 -1.16009e-12)
(0.0329479 -1.09717e-12)
(0.0339299 -1.03755e-12)
(0.0349178 -9.80964e-13)
(0.0359115 -9.27306e-13)
(0.0369111 -8.76306e-13)
(0.0379166 -8.27951e-13)
(0.038928 -7.82108e-13)
(0.0399454 -7.38669e-13)
(0.0409688 -6.9742e-13)
(0.0419983 -6.58242e-13)
(0.0430338 -6.21066e-13)
(0.0440755 -5.85738e-13)
(0.0451233 -5.52379e-13)
(0.0461773 -5.20916e-13)
(0.0472375 -4.91195e-13)
(0.048304 -4.63082e-13)
(0.0493768 -4.36347e-13)
(0.0504559 -4.11003e-13)
(0.0515414 -3.87033e-13)
(0.0526333 -3.6434e-13)
(0.0537316 -3.42758e-13)
(0.0548365 -3.22435e-13)
(0.0559478 -3.03194e-13)
(0.0570658 -2.84968e-13)
(0.0581903 -2.67812e-13)
(0.0593215 -2.51538e-13)
(0.0604594 -2.36102e-13)
(0.0616039 -2.21601e-13)
(0.0627553 -2.08086e-13)
(0.0639134 -1.95401e-13)
(0.0650784 -1.83341e-13)
(0.0662503 -1.71836e-13)
(0.0674291 -1.6109e-13)
(0.0686148 -1.51104e-13)
(0.0698076 -1.41554e-13)
(0.0710074 -1.32557e-13)
(0.0722143 -1.24188e-13)
(0.0734283 -1.16182e-13)
(0.0746495 -1.08683e-13)
(0.0758779 -1.01564e-13)
(0.0771136 -9.48797e-14)
(0.0783565 -8.86735e-14)
(0.0796068 -8.26641e-14)
(0.0808645 -7.71808e-14)
(0.0821297 -7.21855e-14)
(0.0834022 -6.72164e-14)
(0.0846824 -6.26728e-14)
(0.08597 -5.85676e-14)
(0.0872653 -5.45266e-14)
(0.0885682 -5.07794e-14)
(0.0898788 -4.73152e-14)
(0.0911972 -4.40024e-14)
(0.0925234 -4.0949e-14)
(0.0938574 -3.81204e-14)
(0.0951992 -3.54503e-14)
(0.096549 -3.30039e-14)
(0.0979068 -3.06704e-14)
(0.0992726 -2.8407e-14)
(0.100646 -2.62258e-14)
(0.102028 -2.41604e-14)
(0.103419 -2.23907e-14)
(0.104817 -2.07558e-14)
(0.106223 -1.92291e-14)
(0.107638 -1.79444e-14)
(0.109062 -1.66212e-14)
(0.110493 -1.53249e-14)
(0.111933 -1.42125e-14)
(0.113382 -1.3103e-14)
(0.114839 -1.1991e-14)
(0.116305 -1.10092e-14)
(0.11778 -1.01862e-14)
(0.119263 -9.32842e-15)
(0.120755 -8.47121e-15)
(0.122255 -7.74859e-15)
(0.123765 -6.99408e-15)
(0.125284 -6.29825e-15)
(0.126811 -5.84141e-15)
(0.128348 -5.40108e-15)
(0.129893 -4.94474e-15)
(0.131448 -4.53317e-15)
(0.133012 -4.09991e-15)
(0.134585 -3.60475e-15)
(0.136167 -3.09004e-15)
(0.137759 -2.75403e-15)
(0.13936 -2.4538e-15)
(0.140971 -1.99931e-15)
(0.142591 -1.63787e-15)
(0.144221 -1.38101e-15)
(0.14586 -9.52058e-16)
(0.147509 -5.02765e-16)
(0.149168 -1.62733e-16)
)
