(
(-0.0496094 1.9317e-10)
(-0.0488281 2.03996e-10)
(-0.0480469 1.06651e-11)
(-0.0472656 1.8306e-11)
(-0.0464844 2.68342e-11)
(-0.0457031 3.13756e-11)
(-0.0449219 4.08962e-11)
(-0.0441406 4.40317e-11)
(-0.0433594 5.37968e-11)
(-0.0425781 5.81478e-11)
(-0.0417969 6.66041e-11)
(-0.0410156 7.26417e-11)
(-0.0402344 8.01753e-11)
(-0.0394531 8.77909e-11)
(-0.0386719 9.44801e-11)
(-0.0378906 1.03036e-10)
(-0.0371094 1.09986e-10)
(-0.0363281 1.18583e-10)
(-0.0355469 1.2647e-10)
(-0.0347656 1.34936e-10)
(-0.0339844 1.43496e-10)
(-0.0332031 1.52171e-10)
(-0.0324219 1.61373e-10)
(-0.0316406 1.70714e-10)
(-0.0308594 1.79959e-10)
(-0.0300781 1.89809e-10)
(-0.0292969 1.99973e-10)
(-0.0285156 2.10186e-10)
(-0.0277344 2.20937e-10)
(-0.0269531 2.31986e-10)
(-0.0261719 2.43031e-10)
(-0.0253906 2.55026e-10)
(-0.0246094 2.67054e-10)
(-0.0238281 2.79432e-10)
(-0.0230469 2.92655e-10)
(-0.0222656 3.05888e-10)
(-0.0214844 3.19852e-10)
(-0.0207031 3.34477e-10)
(-0.0199219 3.4967e-10)
(-0.0191406 3.65453e-10)
(-0.0183594 3.81733e-10)
(-0.0175781 3.99226e-10)
(-0.0167969 4.17277e-10)
(-0.0160156 4.3631e-10)
(-0.0152344 4.5646e-10)
(-0.0144531 4.77661e-10)
(-0.0136719 5.00122e-10)
(-0.0128906 5.24353e-10)
(-0.0121094 5.49723e-10)
(-0.0113281 5.77221e-10)
(-0.0105469 6.06888e-10)
(-0.00976562 6.38825e-10)
(-0.00898437 6.74917e-10)
(-0.00820312 7.0903e-10)
(-0.00742187 7.64496e-10)
(-0.00664062 7.82977e-10)
(-0.00585937 8.94446e-10)
(-0.00507812 8.58548e-10)
(-0.00429687 1.09344e-09)
(-0.00351563 1.5219e-09)
(-0.00273437 -6.32719e-09)
(-0.00195312 -2.11536e-08)
(-0.00117188 1.50117e-06)
(-0.000390625 -1.64096e-05)
(0.000393726 -5.0536e-05)
(0.0011835 4.9295e-05)
(0.00197795 -2.84004e-05)
(0.00277708 1.29463e-05)
(0.00358094 -5.10901e-06)
(0.00438955 1.79792e-06)
(0.00520293 -6.51596e-07)
(0.00602111 2.44162e-07)
(0.00684413 -5.05578e-08)
(0.00767201 5.75969e-09)
(0.00850479 2.56651e-10)
(0.00934248 -3.29691e-10)
(0.0101851 3.51086e-11)
(0.0110327 2.29198e-11)
(0.0118854 -4.80087e-12)
(0.012743 -6.34509e-12)
(0.0136057 -3.8495e-12)
(0.0144736 -3.1739e-12)
(0.0153465 -3.12039e-12)
(0.0162246 -3.00039e-12)
(0.0171079 -2.82715e-12)
(0.0179964 -2.66374e-12)
(0.0188902 -2.51652e-12)
(0.0197892 -2.37954e-12)
(0.0206936 -2.25043e-12)
(0.0216032 -2.12878e-12)
(0.0225183 -2.01424e-12)
(0.0234388 -1.90623e-12)
(0.0243647 -1.80413e-12)
(0.0252961 -1.70755e-12)
(0.0262329 -1.6161e-12)
(0.0271753 -1.52947e-12)
(0.0281233 -1.44757e-12)
(0.0290769 -1.36989e-12)
(0.0300361 -1.29616e-12)
(0.031001 -1.22637e-12)
(0.0319715 -1.16009e-12)
(0.0329479 -1.09717e-12)
(0.0339299 -1.03755e-12)
(0.0349178 -9.80964e-13)
(0.0359115 -9.27306e-13)
(0.0369111 -8.76306e-13)
(0.0379166 -8.27951e-13)
(0.038928 -7.82108e-13)
(0.0399454 -7.38669e-13)
(0.0409688 -6.9742e-13)
(0.0419983 -6.58242e-13)
(0.0430338 -6.21066e-13)
(0.0440755 -5.85738e-13)
(0.0451233 -5.52379e-13)
(0.0461773 -5.20916e-13)
(0.0472375 -4.91195e-13)
(0.048304 -4.63082e-13)
(0.0493768 -4.36347e-13)
(0.0504559 -4.11003e-13)
(0.0515414 -3.87033e-13)
(0.0526333 -3.6434e-13)
(0.0537316 -3.42758e-13)
(0.0548365 -3.22435e-13)
(0.0559478 -3.03194e-13)
(0.0570658 -2.84968e-13)
(0.0581903 -2.67812e-13)
(0.0593215 -2.51538e-13)
(0.0604594 -2.36102e-13)
(0.0616039 -2.21601e-13)
(0.0627553 -2.08086e-13)
(0.0639134 -1.95401e-13)
(0.0650784 -1.83341e-13)
(0.0662503 -1.71836e-13)
(0.0674291 -1.6109e-13)
(0.0686148 -1.51104e-13)
(0.0698076 -1.41554e-13)
(0.0710074 -1.32557e-13)
(0.0722143 -1.24188e-13)
(0.0734283 -1.16182e-13)
(0.0746495 -1.08683e-13)
(0.0758779 -1.01564e-13)
(0.0771136 -9.48797e-14)
(0.0783565 -8.86735e-14)
(0.0796068 -8.26641e-14)
(0.0808645 -7.71808e-14)
(0.0821297 -7.21855e-14)
(0.0834022 -6.72164e-14)
(0.0846824 -6.26728e-14)
(0.08597 -5.85676e-14)
(0.0872653 -5.45266e-14)
(0.0885682 -5.07794e-14)
(0.0898788 -4.73152e-14)
(0.0911972 -4.40024e-14)
(0.0925234 -4.0949e-14)
(0.0938574 -3.81204e-14)
(0.0951992 -3.54503e-14)
(0.096549 -3.30039e-14)
(0.0979068 -3.06704e-14)
(0.0992726 -2.8407e-14)
(0.100646 -2.62258e-14)
(0.102028 -2.41604e-14)
(0.103419 -2.23907e-14)
(0.104817 -2.07558e-14)
(0.106223 -1.92291e-14)
(0.107638 -1.79444e-14)
(0.109062 -1.66212e-14)
(0.110493 -1.53249e-14)
(0.111933 -1.42125e-14)
(0.113382 -1.3103e-14)
(0.114839 -1.1991e-14)
(0.116305 -1.10092e-14)
(0.11778 -1.01862e-14)
(0.119263 -9.32842e-15)
(0.120755 -8.47121e-15)
(0.122255 -7.74859e-15)
(0.123765 -6.99408e-15)
(0.125284 -6.29825e-15)
(0.126811 -5.84141e-15)
(0.128348 -5.40108e-15)
(0.129893 -4.94474e-15)
(0.131448 -4.53317e-15)
(0.133012 -4.09991e-15)
(0.134585 -3.60475e-15)
(0.136167 -3.09004e-15)
(0.137759 -2.75403e-15)
(0.13936 -2.4538e-15)
(0.140971 -1.99931e-15)
(0.142591 -1.63787e-15)
(0.144221 -1.38101e-15)
(0.14586 -9.52058e-16)
(0.147509 -5.02765e-16)
(0.149168 -1.62733e-16)
)
