(
(0.00025 0.59423182714659)
(0.00075 0.593603535967123)
(0.00125 0.593662601477037)
(0.00175 0.592910962847182)
(0.0022500000000000003 0.592855274635789)
(0.00275 0.592111607976052)
(0.0032500000000000003 0.591773808653753)
(0.00375 0.590917599718582)
(0.00425 0.590275820297223)
(0.00475 0.589016690679365)
(0.0052499999999999995 0.587375412258094)
(0.00575 0.451043825922895)
(0.00625 9.8558550615e-05)
(0.00675 1.7911346e-08)
(0.0072499999999999995 3.778823466e-05)
(0.00775 3.6035700575e-05)
(0.00825 3.6960024491e-05)
(0.00875 1.0121733785e-05)
(0.00925 1.344528206e-06)
(0.00975 1.77965289e-07)
(0.01025 2.4022241e-08)
(0.01075 3.249801e-09)
(0.01125 4.39792e-10)
(0.01175 5.9519e-11)
(0.01225 8.055e-12)
(0.012750000000000001 1.09e-12)
(0.01325 1.48e-13)
(0.01375 2e-14)
(0.01425 3e-15)
(0.01475 0.0)
(0.01525 0.0)
(0.01575 0.0)
(0.01625 0.0)
(0.01675 0.0)
(0.01725 0.0)
(0.017750000000000002 0.0)
(0.01825 0.0)
(0.01875 0.0)
(0.01925 0.0)
(0.01975 0.0)
(0.02025 0.0)
(0.02075 0.0)
(0.021249999999999998 0.0)
(0.02175 0.0)
(0.02225 0.0)
(0.02275 0.0)
(0.02325 0.0)
(0.02375 0.0)
(0.02425 0.0)
(0.02475 0.0)
(0.02525 0.0)
(0.02575 0.0)
(0.02625 0.0)
(0.02675 0.0)
(0.02725 0.0)
(0.02775 0.0)
(0.02825 0.0)
(0.02875 0.0)
(0.029249999999999998 0.0)
(0.02975 0.0)
(0.03025 0.0)
(0.03075 0.0)
(0.03125 0.0)
(0.03175 0.0)
(0.03225 0.0)
(0.03275 0.0)
(0.03325 0.0)
(0.03375 0.0)
(0.03425 0.0)
(0.03475 0.0)
(0.035250000000000004 0.0)
(0.03575 0.0)
(0.03625 0.0)
(0.03675 0.0)
(0.03725 0.0)
(0.03775 0.0)
(0.03825 0.0)
(0.03875 0.0)
(0.03925 0.0)
(0.03975 0.0)
(0.04025 0.0)
(0.04075 0.0)
(0.04125 0.0)
(0.04175 0.0)
(0.04225 0.0)
(0.042749999999999996 0.0)
(0.04325 0.0)
(0.04375 0.0)
(0.04425 0.0)
(0.04475 0.0)
(0.04525 0.0)
(0.04575 0.0)
(0.04625 0.0)
(0.04675 0.0)
(0.04725 0.0)
(0.04775 0.0)
(0.04825 0.0)
(0.04875 0.0)
(0.04925 0.0)
(0.04975 0.0)
(0.05025 0.0)
(0.05075 0.0)
(0.05125 0.0)
(0.05175 0.0)
(0.05225 0.0)
(0.05275 0.0)
(0.05325 0.0)
(0.05375 0.0)
(0.05425 0.0)
(0.05475 0.0)
(0.05525 0.0)
(0.05575 0.0)
(0.05625 0.0)
(0.05675 0.0)
(0.05725 0.0)
(0.05775 0.0)
(0.05825 0.0)
(0.05875 0.0)
(0.05925 0.0)
(0.05975 0.0)
)
