(
(0.00025 0.0)
(0.00075 0.0)
(0.00125 0.0)
(0.00175 0.0)
(0.0022500000000000003 0.0)
(0.00275 0.0)
(0.0032500000000000003 0.0)
(0.00375 0.0)
(0.00425 -0.0)
(0.00475 0.0)
(0.0052499999999999995 0.0)
(0.00575 0.0)
(0.00625 0.0)
(0.00675 1e-15)
(0.0072499999999999995 2e-15)
(0.00775 3e-15)
(0.00825 3e-15)
(0.00875 4e-15)
(0.00925 5e-15)
(0.00975 6e-15)
(0.01025 7e-15)
(0.01075 8e-15)
(0.01125 8e-15)
(0.01175 8e-15)
(0.01225 8e-15)
(0.012750000000000001 7e-15)
(0.01325 7e-15)
(0.01375 7e-15)
(0.01425 6e-15)
(0.01475 6e-15)
(0.01525 6e-15)
(0.01575 5e-15)
(0.01625 5e-15)
(0.01675 5e-15)
(0.01725 4e-15)
(0.017750000000000002 4e-15)
(0.01825 4e-15)
(0.01875 4e-15)
(0.01925 3e-15)
(0.01975 3e-15)
(0.02025 3e-15)
(0.02075 3e-15)
(0.021249999999999998 3e-15)
(0.02175 3e-15)
(0.02225 2e-15)
(0.02275 2e-15)
(0.02325 2e-15)
(0.02375 2e-15)
(0.02425 2e-15)
(0.02475 2e-15)
(0.02525 2e-15)
(0.02575 2e-15)
(0.02625 2e-15)
(0.02675 1e-15)
(0.02725 1e-15)
(0.02775 1e-15)
(0.02825 1e-15)
(0.02875 1e-15)
(0.029249999999999998 1e-15)
(0.02975 1e-15)
(0.03025 1e-15)
(0.03075 1e-15)
(0.03125 1e-15)
(0.03175 1e-15)
(0.03225 1e-15)
(0.03275 1e-15)
(0.03325 1e-15)
(0.03375 1e-15)
(0.03425 0.0)
(0.03475 0.0)
(0.035250000000000004 0.0)
(0.03575 0.0)
(0.03625 0.0)
(0.03675 0.0)
(0.03725 0.0)
(0.03775 0.0)
(0.03825 0.0)
(0.03875 0.0)
(0.03925 0.0)
(0.03975 0.0)
(0.04025 0.0)
(0.04075 0.0)
(0.04125 0.0)
(0.04175 0.0)
(0.04225 0.0)
(0.042749999999999996 0.0)
(0.04325 0.0)
(0.04375 0.0)
(0.04425 0.0)
(0.04475 0.0)
(0.04525 0.0)
(0.04575 0.0)
(0.04625 0.0)
(0.04675 0.0)
(0.04725 0.0)
(0.04775 0.0)
(0.04825 0.0)
(0.04875 0.0)
(0.04925 0.0)
(0.04975 0.0)
(0.05025 0.0)
(0.05075 0.0)
(0.05125 0.0)
(0.05175 0.0)
(0.05225 0.0)
(0.05275 0.0)
(0.05325 0.0)
(0.05375 0.0)
(0.05425 0.0)
(0.05475 0.0)
(0.05525 0.0)
(0.05575 0.0)
(0.05625 0.0)
(0.05675 0.0)
(0.05725 0.0)
(0.05775 0.0)
(0.05825 0.0)
(0.05875 0.0)
(0.05925 0.0)
(0.05975 0.0)
)
