(
(0.00025 2.700187e-09)
(0.00075 6.19697e-10)
(0.00125 1.134842e-09)
(0.00175 2.123471e-09)
(0.0022500000000000003 2.275825e-09)
(0.00275 -1.161324e-09)
(0.0032500000000000003 2.619963e-09)
(0.00375 2.18865141e-07)
(0.00425 3.73023545e-07)
(0.00475 -5.403416146e-06)
(0.0052499999999999995 -6.2379238278e-05)
(0.00575 -0.000525091279058)
(0.00625 0.004656179486752)
(0.00675 -0.005271641677812)
(0.0072499999999999995 0.004382813698987)
(0.00775 -0.003670358127866)
(0.00825 0.003095630571191)
(0.00875 -0.002627712308465)
(0.00925 0.002244416940003)
(0.00975 -0.001927419720841)
(0.01025 0.001663034750251)
(0.01075 -0.001440654924349)
(0.01125 0.001252076455397)
(0.01175 -0.001090915848733)
(0.01225 0.000952196417051)
(0.012750000000000001 -0.000832034023855)
(0.01325 0.000727391333557)
(0.01375 -0.000635882372691)
(0.01425 0.000555617197661)
(0.01475 -0.000485079796872)
(0.01525 0.000423033881908)
(0.01575 -0.000368451897833)
(0.01625 0.00032046290686)
(0.01675 -0.000278315286735)
(0.01725 0.000241350593675)
(0.017750000000000002 -0.000208985487412)
(0.01825 0.000180699239087)
(0.01875 -0.000156024957182)
(0.01925 0.000134543206992)
(0.01975 -0.000115877131456)
(0.02025 9.9688501052e-05)
(0.02075 -8.5674341588e-05)
(0.021249999999999998 7.3563932953e-05)
(0.02175 -6.3116061423e-05)
(0.02225 5.4116461361e-05)
(0.02275 -4.6375412769e-05)
(0.02325 3.9725478239e-05)
(0.02375 -3.4019372071e-05)
(0.02425 2.9127959064e-05)
(0.02475 -2.4938382599e-05)
(0.02525 2.1352322241e-05)
(0.02575 -1.8284380808e-05)
(0.02625 1.5660600034e-05)
(0.02675 -1.3417102856e-05)
(0.02725 1.1498859207e-05)
(0.02775 -9.858571026e-06)
(0.02825 8.455671136e-06)
(0.02875 -7.255429792e-06)
(0.029249999999999998 6.228161994e-06)
(0.02975 -5.348528185e-06)
(0.03025 4.594920696e-06)
(0.03075 -3.94892821e-06)
(0.03125 3.394870598e-06)
(0.03175 -2.919396735e-06)
(0.03225 2.511138228e-06)
(0.03275 -2.160412418e-06)
(0.03325 1.858968538e-06)
(0.03375 -1.599771386e-06)
(0.03425 1.37681746e-06)
(0.03475 -1.184978997e-06)
(0.035250000000000004 1.019871905e-06)
(0.03575 -8.77744051e-07)
(0.03625 7.55380832e-07)
(0.03675 -6.50025367e-07)
(0.03725 5.59311035e-07)
(0.03775 -4.81204409e-07)
(0.03825 4.13956934e-07)
(0.03875 -3.56063958e-07)
(0.03925 3.06229935e-07)
(0.03975 -2.63338829e-07)
(0.04025 2.26428883e-07)
(0.04075 -1.94671076e-07)
(0.04125 1.67350691e-07)
(0.04175 -1.43851516e-07)
(0.04225 1.23642273e-07)
(0.042749999999999996 -1.06264958e-07)
(0.04325 9.1324795e-08)
(0.04375 -7.8481572e-08)
(0.04425 6.7442171e-08)
(0.04475 -5.7954117e-08)
(0.04525 4.9800003e-08)
(0.04575 -4.279267e-08)
(0.04625 3.6771048e-08)
(0.04675 -3.1596554e-08)
(0.04725 2.7149985e-08)
(0.04775 -2.3328829e-08)
(0.04825 2.0044947e-08)
(0.04875 -1.7222569e-08)
(0.04925 1.4796565e-08)
(0.04975 -1.2710956e-08)
(0.05025 1.0917628e-08)
(0.05075 -9.375223e-09)
(0.05125 8.048186e-09)
(0.05175 -6.905942e-09)
(0.05225 5.922192e-09)
(0.05275 -5.074297e-09)
(0.05325 4.342761e-09)
(0.05375 -3.71077e-09)
(0.05425 3.163812e-09)
(0.05475 -2.689333e-09)
(0.05525 2.276448e-09)
(0.05575 -1.915693e-09)
(0.05625 1.598799e-09)
(0.05675 -1.318508e-09)
(0.05725 1.068403e-09)
(0.05775 -8.42757e-10)
(0.05825 6.36406e-10)
(0.05875 -4.44628e-10)
(0.05925 2.63031e-10)
(0.05975 -8.7123e-11)
)
