(
(1.09444 1.64775e-09)
(1.09324 5.77312e-06)
(1.09204 6.96219e-06)
(1.09084 5.85985e-06)
(1.0896400000000002 5.04491e-06)
(1.0884399999999999 1.04207e-05)
(1.08724 5.2573e-06)
(1.0860400000000001 5.31336e-06)
(1.08484 1.12073e-06)
(1.08364 5.92488e-07)
(1.08244 6.93546e-07)
(1.08124 6.51085e-07)
(1.08004 0.0408253)
(1.07884 0.576184)
(1.0776400000000002 0.587314)
(1.0764399999999998 0.58947)
(1.07524 0.590927)
(1.07404 0.591884)
(1.07284 0.592528)
(1.07164 0.593283)
(1.07044 0.593729)
(1.06924 0.594306)
(1.0680399999999999 0.594698)
(1.06684 0.595112)
(1.0656400000000001 0.595464)
(1.0644399999999998 0.595794)
(1.06324 0.596096)
(1.06204 0.596374)
(1.06084 0.596635)
(1.05964 0.596877)
(1.05844 0.597106)
(1.05724 0.59732)
(1.0560399999999999 0.597524)
(1.05484 0.597714)
(1.0536400000000001 0.597898)
(1.05244 0.59807)
(1.05124 0.598238)
(1.05004 0.598393)
(1.04884 0.598547)
(1.04764 0.59869)
(1.04644 0.598832)
(1.0452400000000002 0.598963)
(1.0440399999999999 0.599094)
(1.04284 0.599218)
(1.0416400000000001 0.599337)
(1.04044 0.599454)
(1.03924 0.599563)
(1.03804 0.599676)
(1.03684 0.599776)
(1.03564 0.599883)
(1.03444 0.599976)
(1.0332400000000002 0.600077)
(1.0320399999999998 0.600166)
(1.03084 0.600259)
(1.02964 0.600347)
(1.02844 0.600431)
(1.02724 0.600517)
(1.02604 0.600595)
(1.02484 0.60068)
(1.0236399999999999 0.600751)
(1.02244 0.600833)
(1.0212400000000001 0.600901)
(1.0200399999999998 0.600979)
(1.01884 0.601044)
(1.01764 0.601118)
(1.01644 0.601182)
(1.01524 0.601252)
(1.01404 0.601314)
(1.01284 0.601379)
(1.0116399999999999 0.601441)
(1.01044 0.601502)
(1.0092400000000001 0.601563)
(1.0080399999999998 0.60162)
(1.00684 0.601681)
(1.00564 0.601734)
(1.00444 0.601794)
(1.00324 0.601844)
(1.00204 0.601903)
(1.0008400000000002 0.601951)
(0.9996400000000001 0.602009)
(0.99844 0.602054)
(0.9972399999999999 0.60211)
(0.99604 0.602154)
(0.99484 0.602208)
(0.9936400000000001 0.602252)
(0.99244 0.602303)
(0.99124 0.602347)
(0.99004 0.602395)
(0.9888399999999999 0.60244)
(0.9876400000000001 0.602483)
(0.98644 0.60253)
(0.98524 0.60257)
(0.98404 0.602617)
(0.9828399999999999 0.602654)
(0.9816400000000001 0.602702)
(0.98044 0.602737)
(0.97924 0.602784)
(0.97804 0.602817)
(0.9768399999999999 0.602863)
(0.9756400000000001 0.602896)
(0.97444 0.602941)
(0.97324 0.602973)
(0.97204 0.603017)
(0.9708399999999999 0.603048)
(0.9696400000000001 0.603091)
(0.96844 0.603121)
(0.9672400000000001 0.603163)
(0.96604 0.603192)
(0.9648399999999999 0.603234)
(0.96364 0.603262)
(0.96244 0.603303)
(0.9612400000000001 0.60333)
(0.96004 0.60337)
(0.9588399999999999 0.603397)
(0.95764 0.603436)
(0.95644 0.603462)
(0.9552400000000001 0.603501)
(0.95404 0.603526)
(0.9528399999999999 0.603564)
(0.95164 0.603588)
(0.95044 0.603627)
(0.9492400000000001 0.60365)
(0.94804 0.603688)
(0.9468399999999999 0.60371)
(0.94564 0.603747)
(0.94444 0.603769)
(0.9432400000000001 0.603806)
(0.94204 0.603827)
(0.94084 0.603862)
(0.93964 0.603885)
(0.9384399999999999 0.603917)
(0.9372400000000001 0.603943)
(0.93604 0.60397)
(0.93484 0.604)
(0.93364 0.60402)
(0.9324399999999999 0.604058)
(0.9312400000000001 0.604069)
(0.93004 0.604116)
(0.92884 0.604116)
(0.92764 0.604173)
(0.9264399999999999 0.604162)
(0.9252400000000001 0.604229)
(0.92404 0.604208)
(0.92284 0.604282)
(0.92164 0.604257)
(0.9204399999999999 0.604332)
(0.9192400000000001 0.604307)
(0.91804 0.604377)
(0.9168400000000001 0.604359)
(0.91564 0.604412)
)
