# z phi vxP vxF
0.000000000000000000e+00 5.343313751367357867e-01 3.173528122790247256e-08 2.721507611480291147e-02
2.002188183807439769e-04 5.375339899457799442e-01 7.698730693363500997e-08 3.968985633696343884e-02
4.004376367614879539e-04 5.407533748674784313e-01 1.473943524536568003e-07 4.533081615998874742e-02
6.006564551422319308e-04 5.427075271107287824e-01 2.400842339443923626e-07 4.493630568998754210e-02
8.008752735229759077e-04 5.438497973979650180e-01 3.575254063969892122e-07 3.957293894233152726e-02
1.001094091903719993e-03 5.450215432470564281e-01 5.006153652352872904e-07 3.069739763696007276e-02
1.201312910284463862e-03 5.466184491933212541e-01 6.682571241711835847e-07 2.010884397757457462e-02
1.401531728665207730e-03 5.489910091649431445e-01 8.529560435063480656e-07 9.966327604853653793e-03
1.601750547045951815e-03 5.518580981040778211e-01 1.051560727564355995e-06 2.576308301634512750e-03
1.801969365426695901e-03 5.544265503580930732e-01 1.265654759117097129e-06 5.651399369620165703e-05
2.002188183807439986e-03 5.572330858487661853e-01 1.483018062565814103e-06 4.577671495615159055e-05
2.202407002188183638e-03 5.601313403017696979e-01 1.697089868719759586e-06 4.338048008174315285e-05
2.402625820568927723e-03 5.631620673534550869e-01 1.909360554406819486e-06 4.358477156613628701e-05
2.602844638949671809e-03 5.661162058421184140e-01 2.134786852523928877e-06 5.432825322540260708e-05
2.803063457330415460e-03 5.694889453111455779e-01 2.366591860961501868e-06 1.510798548835999046e-03
3.003282275711159546e-03 5.737861392222047829e-01 2.595573641352091446e-06 7.611660704697360488e-03
3.203501094091903631e-03 5.776950790264054891e-01 2.826380872790910047e-06 1.634725405601950704e-02
3.403719912472647716e-03 5.822407187493474634e-01 3.055340260884103905e-06 2.501298680178984032e-02
3.603938730853391802e-03 5.870160208945730540e-01 3.280450667407008709e-06 3.123538839771557510e-02
3.804157549234135453e-03 5.917464280699936685e-01 3.502911029891158326e-06 3.335418380438666397e-02
4.004376367614879972e-03 5.957253358806745558e-01 3.718645421258541748e-06 3.076011115512009703e-02
4.204595185995623624e-03 5.992343589965581918e-01 3.922610162994606154e-06 2.407583156509225664e-02
4.404814004376367276e-03 6.021450098593472688e-01 4.120285347290935132e-06 1.509791433480068765e-02
4.605032822757111795e-03 6.049417429114705147e-01 4.310407514025796598e-06 6.503736924872128081e-03
4.805251641137855446e-03 6.069659389419690410e-01 4.479947784264719599e-06 1.229021399519116854e-03
5.005470459518599098e-03 6.079350586570000381e-01 4.639756141895268153e-06 9.084950085268150995e-05
5.205689277899343617e-03 6.080287179563050870e-01 4.795944832001843251e-06 7.894942876470899176e-05
5.405908096280087269e-03 6.071320949363379071e-01 4.944738993737860306e-06 7.601254059760715579e-05
5.606126914660830921e-03 6.055267990008417200e-01 5.076864477494077959e-06 7.683342091974385804e-05
5.806345733041575440e-03 6.046432855408688800e-01 5.189750861498403716e-06 8.296311949613984242e-05
6.006564551422319091e-03 6.052767888771816152e-01 5.271121364318853925e-06 6.614410600114228314e-04
6.206783369803063610e-03 6.055326714737832017e-01 5.339145592225600078e-06 3.306723338850927913e-03
6.407002188183807262e-03 6.057859669534917391e-01 5.406744856038646222e-06 1.012886212202739229e-02
6.607221006564550914e-03 6.056206481436818834e-01 5.480055399146194442e-06 1.857931087102864323e-02
6.807439824945295433e-03 6.057076563664608448e-01 5.556410025072844953e-06 2.592287786335227551e-02
7.007658643326039084e-03 6.055005373425048631e-01 5.638883551505820617e-06 3.002977161476020132e-02
7.207877461706783603e-03 6.053345389229575213e-01 5.733544729009841864e-06 2.977268236802243714e-02
7.408096280087527255e-03 6.052568682654686505e-01 5.836217302266297416e-06 2.530897479071749986e-02
7.608315098468270907e-03 6.048703631707627038e-01 5.945675794573812051e-06 1.798357598900162529e-02
7.808533916849015426e-03 6.043646957984682988e-01 6.061119057782563014e-06 9.963132403455135164e-03
8.008752735229759945e-03 6.038806341406516287e-01 6.183557350721665347e-06 3.658577604025449546e-03
8.208971553610503596e-03 6.031152184780508296e-01 6.313145898144268356e-06 4.163411103076434215e-04
8.409190371991247248e-03 6.025392644288563027e-01 6.434108957824697677e-06 1.259071954181498957e-04
8.609409190371990900e-03 6.022442779804062507e-01 6.568215873756584592e-06 1.252433272757844693e-04
8.809628008752734551e-03 6.029222153734069556e-01 6.707022835623411426e-06 1.293027347762003905e-04
9.009846827133478203e-03 6.046529822397438414e-01 6.828625370131170313e-06 2.285664072723345435e-04
9.210065645514223590e-03 6.072181058100527551e-01 6.944642608511569728e-06 1.142226406287042730e-03
9.410284463894967241e-03 6.100370698322605811e-01 7.069375668481546555e-06 3.364459658364287332e-03
9.610503282275710893e-03 6.126546115777631307e-01 7.204651330620882857e-06 8.103444944100084146e-03
9.810722100656454545e-03 6.151700173374644587e-01 7.337753717859057428e-06 1.504282413189366070e-02
1.001094091903719820e-02 6.172516856199181667e-01 7.462119786679173547e-06 2.171109295016507290e-02
1.021115973741794358e-02 6.188087186460304867e-01 7.586641172941404469e-06 2.592273267856429544e-02
1.041137855579868723e-02 6.201018337631898358e-01 7.708423999929368879e-06 2.629170975686644443e-02
1.061159737417943089e-02 6.210971035445199684e-01 7.819539882738962437e-06 2.268386686517313150e-02
1.081181619256017454e-02 6.215836739709016401e-01 7.919238339871754215e-06 1.625831408094095820e-02
1.101203501094091819e-02 6.218955679632268696e-01 8.023084015322081347e-06 9.163815138495602641e-03
1.121225382932166184e-02 6.220589563541878420e-01 8.139719002823292597e-06 3.427808565441863107e-03
1.141247264770240723e-02 6.220008294474240751e-01 8.265682123763418051e-06 3.697689419164781107e-04
1.161269146608315088e-02 6.218054870719137428e-01 8.394641841230676409e-06 1.287691212440669915e-04
1.181291028446389453e-02 6.214587839978122918e-01 8.533327522602798400e-06 1.282975353518994569e-04
1.201312910284463818e-02 6.207938596050580626e-01 8.680426974818128533e-06 1.336446003736790585e-04
1.221334792122538183e-02 6.193685034945307644e-01 8.840531970269885904e-06 1.654516798668653321e-04
1.241356673960612722e-02 6.176198000837440638e-01 9.037045059638064960e-06 8.660260711221758490e-04
1.261378555798687087e-02 6.154492779897385857e-01 9.250929582472473039e-06 2.839285209509936295e-03
1.281400437636761452e-02 6.134609523062338754e-01 9.479746218388338983e-06 6.557482585890751607e-03
1.301422319474835818e-02 6.116652874901058468e-01 9.713919463139161005e-06 1.326288499653698223e-02
1.321444201312910183e-02 6.101973030424338029e-01 9.974756502794496319e-06 2.061378790688200152e-02
1.341466083150984721e-02 6.091044065987026856e-01 1.024747170124971916e-05 2.611222342799853977e-02
1.361487964989059087e-02 6.087248256352827402e-01 1.052408173422290835e-05 2.803637492159904987e-02
1.381509846827133452e-02 6.092545948753887997e-01 1.079119706865905185e-05 2.579407408938698062e-02
1.401531728665207817e-02 6.106403744865982475e-01 1.107129561778193664e-05 2.005426891915059601e-02
1.421553610503282182e-02 6.125277574961781601e-01 1.137234751863221369e-05 1.263380047836081162e-02
1.441575492341356721e-02 6.145787273114617921e-01 1.167486611658815695e-05 5.878482597788590308e-03
1.461597374179431086e-02 6.166713494614032287e-01 1.197965952583542211e-05 1.370379796535199906e-03
1.481619256017505451e-02 6.188125134635833469e-01 1.227626604128739790e-05 1.690184065708526414e-04
1.501641137855579816e-02 6.211088007924279175e-01 1.254457160433713102e-05 1.518357181861269009e-04
1.521663019693654181e-02 6.235209197182738361e-01 1.276980301822114659e-05 1.528846537695930632e-04
1.541684901531728547e-02 6.256711933933789549e-01 1.298696153989845785e-05 1.621555416092635771e-04
1.561706783369803085e-02 6.270202873657007014e-01 1.320669353456578218e-05 5.263620260340125647e-04
1.581728665207877277e-02 6.278456284693216816e-01 1.343573169815350054e-05 1.825972282402547886e-03
1.601750547045951989e-02 6.284663373403370779e-01 1.364461302847675844e-05 4.245971458813615866e-03
1.621772428884026354e-02 6.291177298419329267e-01 1.385918151114920376e-05 8.401634867829754078e-03
1.641794310722100719e-02 6.296400859107230685e-01 1.406207653618209940e-05 1.438502869767651487e-02
1.661816192560175084e-02 6.298135292373414629e-01 1.425848791821379149e-05 1.989705795451315873e-02
1.681838074398249450e-02 6.293960568996166405e-01 1.446575373706851888e-05 2.281908882503887528e-02
1.701859956236323815e-02 6.288505327150307744e-01 1.469623143631675401e-05 2.211961084055872467e-02
1.721881838074398180e-02 6.281981008484542883e-01 1.493500566059052674e-05 1.814683960415967509e-02
1.741903719912472545e-02 6.276677546332906088e-01 1.519345846158182044e-05 1.242894159254622800e-02
1.761925601750546910e-02 6.271918239047501453e-01 1.545665454268662124e-05 6.547301672517669320e-03
1.781947483588621275e-02 6.264253393965660832e-01 1.574514121624046571e-05 2.122453885647307501e-03
1.801969365426695641e-02 6.253551449090509751e-01 1.606193327640088747e-05 3.851747146608717771e-04
1.821991247264770353e-02 6.238634775856058967e-01 1.642459707389170898e-05 1.686052613883618043e-04
1.842013129102844718e-02 6.220523618903855967e-01 1.684727463881735730e-05 1.680642205596417536e-04
1.862035010940919083e-02 6.198348741026725728e-01 1.731621125048750923e-05 1.871605834983250329e-04
1.882056892778993448e-02 6.175394096696344981e-01 1.781354773603050943e-05 8.268144009182210822e-04
1.902078774617067813e-02 6.157839523143951999e-01 1.834074271553370493e-05 2.421802601803817092e-03
1.922100656455142179e-02 6.148982032534890951e-01 1.890601345222061821e-05 5.262389124021531889e-03
1.942122538293216544e-02 6.148254330291198499e-01 1.949941529134400519e-05 1.017706335792692776e-02
1.962144420131290909e-02 6.155743532148226782e-01 2.008475391192161987e-05 1.637138835132800896e-02
1.982166301969365274e-02 6.171269021281200473e-01 2.065370496881247268e-05 2.174949948353181728e-02
2.002188183807439639e-02 6.191912880130727714e-01 2.122545196186556435e-05 2.455964946667008042e-02
2.022210065645514004e-02 6.215519716158590668e-01 2.180144256843485190e-05 2.397622052633736206e-02
2.042231947483588717e-02 6.238299669909097567e-01 2.239317769508021512e-05 2.029698844072796299e-02
2.062253829321663082e-02 6.258540559732668207e-01 2.300092195204766455e-05 1.486957347686138770e-02
2.082275711159737447e-02 6.273419835514234544e-01 2.360638670223150267e-05 8.871525422041892650e-03
2.102297592997811812e-02 6.282702172478314973e-01 2.418589629253892266e-05 3.849535393112612624e-03
2.122319474835886177e-02 6.287516354089027759e-01 2.474768457680768169e-05 1.067447117301702870e-03
2.142341356673960542e-02 6.289564262416373897e-01 2.533250470925538399e-05 2.156346401870604568e-04
2.162363238512034908e-02 6.287557059985531271e-01 2.592596324477195333e-05 1.843376095110984875e-04
2.182385120350109273e-02 6.284029184739075014e-01 2.654192118812733037e-05 1.895803966484337815e-04
2.202407002188183638e-02 6.280695927247947896e-01 2.716515443825910872e-05 6.308969540126386751e-04
2.222428884026258003e-02 6.278504685984445111e-01 2.782607423313711122e-05 2.028851793688609111e-03
2.242450765864332368e-02 6.276124968941902971e-01 2.849986403214241636e-05 4.455748625702413319e-03
2.262472647702407080e-02 6.271589496353949800e-01 2.919430135458249840e-05 7.794223666600695946e-03
2.282494529540481445e-02 6.261929992789285748e-01 2.993491051253354554e-05 1.253356369512007712e-02
2.302516411378555811e-02 6.249584051265337781e-01 3.074478770362388798e-05 1.788512169405506030e-02
2.322538293216630176e-02 6.236633476841992874e-01 3.161712060976849581e-05 2.209501467758597307e-02
2.342560175054704541e-02 6.225256599831016091e-01 3.255643386365460933e-05 2.362831534166607780e-02
2.362582056892778906e-02 6.216619707516862769e-01 3.356841793525765119e-05 2.202382938125788461e-02
2.382603938730853271e-02 6.209562625559252869e-01 3.468059092389097600e-05 1.793861932501177037e-02
2.402625820568927636e-02 6.202795202849378242e-01 3.588291953979870188e-05 1.256341969324102116e-02
2.422647702407002002e-02 6.195941548561004764e-01 3.715128533388013712e-05 7.168839664714658950e-03
2.442669584245076367e-02 6.189363214785736922e-01 3.848537859744656021e-05 2.932036415433398029e-03
2.462691466083151079e-02 6.184374452643640607e-01 3.988370316079023204e-05 9.072184728132940508e-04
2.482713347921225444e-02 6.182345848832816460e-01 4.131724798534428634e-05 2.829110885173028648e-04
2.502735229759299809e-02 6.185642213185772453e-01 4.276961007527173731e-05 2.358603592082129604e-04
2.522757111597374174e-02 6.195343086512422603e-01 4.428239744622569109e-05 6.019795427511093460e-04
2.542778993435448540e-02 6.209556961678455167e-01 4.584574802186925074e-05 1.731623128951267476e-03
2.562800875273522905e-02 6.225776501906890026e-01 4.745429459388357903e-05 3.708220075214048016e-03
2.582822757111597270e-02 6.241960929873254793e-01 4.907527251890865088e-05 6.253700348478928063e-03
2.602844638949671635e-02 6.256056167812130697e-01 5.070079899476176335e-05 9.938074065356012135e-03
2.622866520787746000e-02 6.267421483653476955e-01 5.236987203433553581e-05 1.457131828930189298e-02
2.642888402625820365e-02 6.275132747027678537e-01 5.411057086822375448e-05 1.880877520781019940e-02
2.662910284463894731e-02 6.279631422545306485e-01 5.592634280288845140e-05 2.103388531571399184e-02
2.682932166301969443e-02 6.279169055317018744e-01 5.778973669427244425e-05 2.048020872489379057e-02
2.702954048140043808e-02 6.274928633089682517e-01 5.968723114483723144e-05 1.744001739045921914e-02
2.722975929978118173e-02 6.267557206422945670e-01 6.169396189078214733e-05 1.279074064304774536e-02
2.742997811816192538e-02 6.258758666128371173e-01 6.382721755929514785e-05 7.620951585368389118e-03
2.763019693654266903e-02 6.249768166276826742e-01 6.608274984591805954e-05 3.267980827165423586e-03
2.783041575492341269e-02 6.240410687161980219e-01 6.846059695754802825e-05 9.795260627638900999e-04
2.803063457330415634e-02 6.230523960045053489e-01 7.097545026961573191e-05 3.020156623610008870e-04
2.823085339168489999e-02 6.220606591862830603e-01 7.363626817845453864e-05 2.790284872055291882e-04
2.843107221006564364e-02 6.211679982978096648e-01 7.644433229113478201e-05 5.560502417406711995e-04
2.863129102844638729e-02 6.202347736591499183e-01 7.941820845528815083e-05 1.635690106665140236e-03
2.883150984682713441e-02 6.191853174974121243e-01 8.257810658149382843e-05 3.635308673950011539e-03
2.903172866520787807e-02 6.181491249819318634e-01 8.588514123445531901e-05 6.331353406264958808e-03
2.923194748358862172e-02 6.172813406516697299e-01 8.928715748902967138e-05 1.033555900457837004e-02
2.943216630196936537e-02 6.166370444350369739e-01 9.283537305727229032e-05 1.549403911769222687e-02
2.963238512035010902e-02 6.162547923086805213e-01 9.658482135234932925e-05 2.053799929552810669e-02
2.983260393873085267e-02 6.161945968426313369e-01 1.005348364191278708e-04 2.373693754188901939e-02
3.003282275711159632e-02 6.164105131086503597e-01 1.046763237396335967e-04 2.404275190260486000e-02
3.023304157549233998e-02 6.168164630555018624e-01 1.090197756597346241e-04 2.139930681297264395e-02
3.043326039387308363e-02 6.173813228073791182e-01 1.135547098049276884e-04 1.662950992724062868e-02
3.063347921225382728e-02 6.181768225417718643e-01 1.182512110253818374e-04 1.088336796366301366e-02
3.083369803063457093e-02 6.191920995844164555e-01 1.230822791330433107e-04 5.550897904416545944e-03
3.103391684901531805e-02 6.203551290191058332e-01 1.280622840026087242e-04 1.997500591774216579e-03
3.123413566739606170e-02 6.216258317837316527e-01 1.331561020778530304e-04 5.877055952451810516e-04
3.143435448577680535e-02 6.229047837742093252e-01 1.383949762544881283e-04 3.974050974387497576e-04
3.163457330415754554e-02 6.240648162087480966e-01 1.438375364994161126e-04 5.636240244101523760e-04
3.183479212253829266e-02 6.249306375348208098e-01 1.494722936081912482e-04 1.130657650267400446e-03
3.203501094091903978e-02 6.254255967790883775e-01 1.553029189258780293e-04 2.410039428586435110e-03
3.223522975929977996e-02 6.255714919255768169e-01 1.613572485107992263e-04 4.510979425942816638e-03
3.243544857768052708e-02 6.253318467000322789e-01 1.676611729889968721e-04 7.507966015277602566e-03
3.263566739606126726e-02 6.248381508095357528e-01 1.742541614948178328e-04 1.202413077900126200e-02
3.283588621444201439e-02 6.240100169596618507e-01 1.811423385527519895e-04 1.721764361558057038e-02
3.303610503282275457e-02 6.229816234873556402e-01 1.883629052791873303e-04 2.140937667954117413e-02
3.323632385120350169e-02 6.217990914810951342e-01 1.959735599321963957e-04 2.306785209819605872e-02
3.343654266958424187e-02 6.205327534547746549e-01 2.040185739672849524e-04 2.163081827123032944e-02
3.363676148796498899e-02 6.193377079266683127e-01 2.125246418768572080e-04 1.749633156828176578e-02
3.383698030634572917e-02 6.182102421033907058e-01 2.214499309820779961e-04 1.202883107612962889e-02
3.403719912472647630e-02 6.172110918698846538e-01 2.307918919067538494e-04 6.669398000932417331e-03
3.423741794310722342e-02 6.163706174865473120e-01 2.405598522515992336e-04 2.782159725120881503e-03
3.443763676148796360e-02 6.157153740178679113e-01 2.507578118508571011e-04 1.070946162965499306e-03
3.463785557986871072e-02 6.152926451099575145e-01 2.613796908056344355e-04 6.282532602045854753e-04
3.483807439824945090e-02 6.150450305628404335e-01 2.724669036261565024e-04 7.875062708582515093e-04
3.503829321663019802e-02 6.148983717843202745e-01 2.840117024154821990e-04 1.189434024614746720e-03
3.523851203501093821e-02 6.148609179320835283e-01 2.959955342592444439e-04 2.204611753549549132e-03
3.543873085339168533e-02 6.149954367822828560e-01 3.084582591019292635e-04 4.113366565312720491e-03
3.563894967177242551e-02 6.152813481093347692e-01 3.214346014530399323e-04 7.230082325428908302e-03
3.583916849015317263e-02 6.156872339510761627e-01 3.348945164801250753e-04 1.202232540978452960e-02
3.603938730853391281e-02 6.162167641164250087e-01 3.488231475625612412e-04 1.763452243441727268e-02
3.623960612691465993e-02 6.168963109590765992e-01 3.632234695592445432e-04 2.220170694385917298e-02
3.643982494529540705e-02 6.176416596721336916e-01 3.781757080251648816e-04 2.416838461588378256e-02
3.664004376367614724e-02 6.183793189428733461e-01 3.937067771421185218e-04 2.287444503966954562e-02
3.684026258205689436e-02 6.190910392498234494e-01 4.097980172566069055e-04 1.864831981523084464e-02
3.704048140043763454e-02 6.196928711457133643e-01 4.264930628704469238e-04 1.284508910575858816e-02
3.724070021881838166e-02 6.201460242560438152e-01 4.437894256269899677e-04 7.185017001582420966e-03
3.744091903719912184e-02 6.204312882167920540e-01 4.617514785234953963e-04 2.903583425293051155e-03
3.764113785557986896e-02 6.205591690231694324e-01 4.804193465883462889e-04 1.117405668738710809e-03
3.784135667396060915e-02 6.204867635320751029e-01 4.998289422815683234e-04 8.503757658968634026e-04
3.804157549234135627e-02 6.201791573598735008e-01 5.200152637349616863e-04 9.893714305587394432e-04
3.824179431072209645e-02 6.196421811898182863e-01 5.411393726980016352e-04 1.270821105317492677e-03
3.844201312910284357e-02 6.188844916277083108e-01 5.633573016668538304e-04 1.962052885002047060e-03
3.864223194748359069e-02 6.180096827065382215e-01 5.867076065452196546e-04 3.592314468175668903e-03
3.884245076586433087e-02 6.170747931211310044e-01 6.111491973307662693e-04 6.261704155621490402e-03
3.904266958424507800e-02 6.161791612473216384e-01 6.366884272809676063e-04 1.083310620093357914e-02
3.924288840262581818e-02 6.153459468204209859e-01 6.633310485290044595e-04 1.679866991723689626e-02
3.944310722100656530e-02 6.145848541666502074e-01 6.911961868616272328e-04 2.233542001440336905e-02
3.964332603938730548e-02 6.139501623327625612e-01 7.202624474290729006e-04 2.557665211487481979e-02
3.984354485776805260e-02 6.134504989548370535e-01 7.506540670747181886e-04 2.551585058859847169e-02
4.004376367614879279e-02 6.130883925835082238e-01 7.823698838749088003e-04 2.215253138942678210e-02
4.024398249452953991e-02 6.128667846664702656e-01 8.154688425653773510e-04 1.651920257258989583e-02
4.044420131291028009e-02 6.127432200958978781e-01 8.500074998272519160e-04 1.032539482424765266e-02
4.064442013129102721e-02 6.127696784144976982e-01 8.858149264842375952e-04 5.203538247084117663e-03
4.084463894967177433e-02 6.129336634342172907e-01 9.229065363895225639e-04 2.296702582129816431e-03
4.104485776805251451e-02 6.131737011228433065e-01 9.614778352548676273e-04 1.466150817764503731e-03
4.124507658643326163e-02 6.134631996357623462e-01 1.001698176063274721e-03 1.543690663273169367e-03
4.144529540481400182e-02 6.138033237940040410e-01 1.043522240622537589e-03 1.829536450064077899e-03
4.164551422319474894e-02 6.141572540984964190e-01 1.087033817194376891e-03 2.321255661981462201e-03
4.184573304157548912e-02 6.144951958001968473e-01 1.132247494900027280e-03 3.396862176485317738e-03
4.204595185995623624e-02 6.148063470649014484e-01 1.179198963555102035e-03 5.497163436383087874e-03
4.224617067833697642e-02 6.150877302185173701e-01 1.227932548068514989e-03 9.380470104224469460e-03
4.244638949671772354e-02 6.152936227552819881e-01 1.278535141265618909e-03 1.506543043285335330e-02
4.264660831509846373e-02 6.153650754254152977e-01 1.331127897101932762e-03 2.091727155151885606e-02
4.284682713347921085e-02 6.152692612574158781e-01 1.385994094228498903e-03 2.493808182765912956e-02
4.304704595185995797e-02 6.149881465208106857e-01 1.443437104552063293e-03 2.585608145598668542e-02
4.324726477024069815e-02 6.145489334118996450e-01 1.503679648868660144e-03 2.337257517172528290e-02
4.344748358862144527e-02 6.139877855041319110e-01 1.566718121136268915e-03 1.822650831927183357e-02
4.364770240700218545e-02 6.133342890991698715e-01 1.632538770688031406e-03 1.208751293920824928e-02
4.384792122538293258e-02 6.126013266193728324e-01 1.701421716343889858e-03 6.664891738453974229e-03
4.404814004376367276e-02 6.118144930117613844e-01 1.773523038790248731e-03 3.377745413383348959e-03
4.424835886214441988e-02 6.110025694090082116e-01 1.849057490525455195e-03 2.418203269297805255e-03
4.444857768052516006e-02 6.102363114828919244e-01 1.928233103487358557e-03 2.427094535056566194e-03
4.464879649890590718e-02 6.095604818591494611e-01 2.011120187035565342e-03 2.668212392185250522e-03
4.484901531728664736e-02 6.090000385567482244e-01 2.097815783878948133e-03 3.089777540973438937e-03
4.504923413566739449e-02 6.085847345992380086e-01 2.188206200105716984e-03 4.059292410466062984e-03
4.524945295404814161e-02 6.082851101549514583e-01 2.282435490648844663e-03 6.068318671250422063e-03
4.544967177242888179e-02 6.080580292358866989e-01 2.380709876347347938e-03 9.738901526914986798e-03
4.564989059080962891e-02 6.079208243789596677e-01 2.483162667714193528e-03 1.560624449718301700e-02
4.585010940919036909e-02 6.078740731359812965e-01 2.589988166775885302e-03 2.202028845726357667e-02
4.605032822757111621e-02 6.078974663573498693e-01 2.701158560344035005e-03 2.683796381034106102e-02
4.625054704595185640e-02 6.079693033417279402e-01 2.816671871155322984e-03 2.858942900981406576e-02
4.645076586433260352e-02 6.080653119075883906e-01 2.936973592943991924e-03 2.677544375639599739e-02
4.665098468271334370e-02 6.081542530929918700e-01 3.062074663956960291e-03 2.198121875391388647e-02
4.685120350109409082e-02 6.082447149379867080e-01 3.192084425163276527e-03 1.568610930520970143e-02
4.705142231947483794e-02 6.083311776169724183e-01 3.327367473084512015e-03 9.777724924116291960e-03
4.725164113785557812e-02 6.083997194834032118e-01 3.468164624068007049e-03 5.731713841810296209e-03
4.745185995623632524e-02 6.084297172857918712e-01 3.614729839211570147e-03 4.361385738533417322e-03
4.765207877461706543e-02 6.084031983520783449e-01 3.767414165312894629e-03 4.358594095023309890e-03
4.785229759299781255e-02 6.083028998777065821e-01 3.926318396864068340e-03 4.580328829483205910e-03
4.805251641137855273e-02 6.081113354600589105e-01 4.091698752637297487e-03 4.960766888215048520e-03
4.825273522975929985e-02 6.078155857209325275e-01 4.264166629219289309e-03 5.720787072295747261e-03
4.845295404814004003e-02 6.074034302854485201e-01 4.444115297037757456e-03 7.266978933820613176e-03
4.865317286652078715e-02 6.068837036237908489e-01 4.632142605677657017e-03 1.031911038145539791e-02
4.885339168490152734e-02 6.062653917804835535e-01 4.828687091727434585e-03 1.567573427492163080e-02
4.905361050328227446e-02 6.055334861616512576e-01 5.034703885178884800e-03 2.236123041040774181e-02
4.925382932166302158e-02 6.047196017162379533e-01 5.250693774345129537e-03 2.811518601908546272e-02
4.945404814004376176e-02 6.038444047177123908e-01 5.477074323252254136e-03 3.117529598032270019e-02
4.965426695842450888e-02 6.029403647209825579e-01 5.714383287246585855e-03 3.070902940106210247e-02
4.985448577680524906e-02 6.020531692266410939e-01 5.962872749462389856e-03 2.695532715535202406e-02
5.005470459518599619e-02 6.012141723659896186e-01 6.223286966545429379e-03 2.109827335901896112e-02
5.025492341356673637e-02 6.004446488146117922e-01 6.495976654168321603e-03 1.500214581359170241e-02
5.045514223194748349e-02 5.997984681386991923e-01 6.780737450541406489e-03 1.034328729391395876e-02
5.065536105032822367e-02 5.992944652513397807e-01 7.077307507570241608e-03 8.362366528834883420e-03
5.085557986870897079e-02 5.989392301395491947e-01 7.385763100941244996e-03 8.201454548044001189e-03
5.105579868708971097e-02 5.987193198011538930e-01 7.706430788316163440e-03 8.523102334937936175e-03
5.125601750547045810e-02 5.986011545914470267e-01 8.039672828086392303e-03 9.017883097291307798e-03
5.145623632385120522e-02 5.985620719780075927e-01 8.385611717615712793e-03 9.753878119877205932e-03
5.165645514223194540e-02 5.985908319658113097e-01 8.744236343375828488e-03 1.116199687286263675e-02
5.185667396061269252e-02 5.986464543418436035e-01 9.116108632412581875e-03 1.379456989240587794e-02
5.205689277899343270e-02 5.986793134678268791e-01 9.501947369632425533e-03 1.887315107448285859e-02
5.225711159737417982e-02 5.986407956500553462e-01 9.902221071400284236e-03 2.553722360596857172e-02
5.245733041575492001e-02 5.985108811486760105e-01 1.031827664838778566e-02 3.160598870564071405e-02
5.265754923413566713e-02 5.982646699885754149e-01 1.075102560385909380e-02 3.534699184905774200e-02
5.285776805251640731e-02 5.979090928870521848e-01 1.120125101653643429e-02 3.578418125981851217e-02
5.305798687089715443e-02 5.974507767233031563e-01 1.166989180073304579e-02 3.291383474552217470e-02
5.325820568927789461e-02 5.968918069377115998e-01 1.215789420493564206e-02 2.777844909161418518e-02
5.345842450765864173e-02 5.962333516015827506e-01 1.266651968821921360e-02 2.207381240071521616e-02
5.365864332603938885e-02 5.954994480997143347e-01 1.319638260793605175e-02 1.750358206168140668e-02
5.385886214442012904e-02 5.946938869920566084e-01 1.374881687034303947e-02 1.538603487202081996e-02
5.405908096280087616e-02 5.938009430771451491e-01 1.432474360154603610e-02 1.542292666780175139e-02
5.425929978118161634e-02 5.928438267139279905e-01 1.492534387639622533e-02 1.597809461762472044e-02
5.445951859956236346e-02 5.918485815599386912e-01 1.555205139265379566e-02 1.667794560915336274e-02
5.465973741794310364e-02 5.908430943281717251e-01 1.620579720287683781e-02 1.757482566929081599e-02
5.485995623632385076e-02 5.898259732783015519e-01 1.688773375969099266e-02 1.909697102534441485e-02
5.506017505470459095e-02 5.888099458096097694e-01 1.759890489225699600e-02 2.196572456363177911e-02
5.526039387308533807e-02 5.878090827893600601e-01 1.833973997009683693e-02 2.727801224072180786e-02
5.546061269146607825e-02 5.868323936400363650e-01 1.911169968476762043e-02 3.393163139648698590e-02
5.566083150984682537e-02 5.858915056430493706e-01 1.991625438106423701e-02 4.009199800669064478e-02
5.586105032822757249e-02 5.849955513606153179e-01 2.075408376707777586e-02 4.444625827628000819e-02
5.606126914660831267e-02 5.841570269140814453e-01 2.162676780380141245e-02 4.610222780600346792e-02
5.626148796498905980e-02 5.833925957448855559e-01 2.253452516179975385e-02 4.472650363607336144e-02
5.646170678336979998e-02 5.827119254433064111e-01 2.347747917632495712e-02 4.106341602277113062e-02
5.666192560175054710e-02 5.821070114863303724e-01 2.445489749414889516e-02 3.645961188006058284e-02
5.686214442013128728e-02 5.815610338086477649e-01 2.546688165645734359e-02 3.227955296703369226e-02
5.706236323851203440e-02 5.810618150265023374e-01 2.651286856582600257e-02 2.966193676630969611e-02
5.726258205689277458e-02 5.805843650085769081e-01 2.759398771650573012e-02 2.931883071178853842e-02
5.746280087527352171e-02 5.801057744831319418e-01 2.871067219400154011e-02 3.020261576050124394e-02
5.766301969365426883e-02 5.795843480345541643e-01 2.986276231878602985e-02 3.140298315711869542e-02
5.786323851203500901e-02 5.789696424221495441e-01 3.105223009953056099e-02 3.287636819830067059e-02
5.806345733041575613e-02 5.782414368459063425e-01 3.228042725817358016e-02 3.501244828246884849e-02
5.826367614879649631e-02 5.773704866626860888e-01 3.355054676176434658e-02 3.864258835025637107e-02
5.846389496717724343e-02 5.763379096453580264e-01 3.486575945628594270e-02 4.388523538612893599e-02
5.866411378555798362e-02 5.751375310360599125e-01 3.622953008345627945e-02 4.955301727481132429e-02
5.886433260393873074e-02 5.737780349512330291e-01 3.764514951418879152e-02 5.478998797716112812e-02
5.906455142231947092e-02 5.722499286004660846e-01 3.911599225954033587e-02 5.900781274064761939e-02
5.926477024070021804e-02 5.705745896700979980e-01 4.064840982482514908e-02 6.170090914232036206e-02
5.946498905908095822e-02 5.687734671827140431e-01 4.224590638995475572e-02 6.248137081317717972e-02
5.966520787746170534e-02 5.668688011148103056e-01 4.390954368967164845e-02 6.130427675232041212e-02
5.986542669584245246e-02 5.648896661950765230e-01 4.564241554931567496e-02 5.905275297789495947e-02
6.006564551422319265e-02 5.628531178692245396e-01 4.744681170801771236e-02 5.663098614256949215e-02
6.026586433260393977e-02 5.607987448954229182e-01 4.932427365148991938e-02 5.485239183955426673e-02
6.046608315098467995e-02 5.587503890556689834e-01 5.127789901696130914e-02 5.458170472115993904e-02
6.066630196936542707e-02 5.567082270719964088e-01 5.330900249909946431e-02 5.610635559649452403e-02
6.086652078774616725e-02 5.546651784673274355e-01 5.541938607832226638e-02 5.864935029165802699e-02
6.106673960612691437e-02 5.526138710906236540e-01 5.760848777563142009e-02 6.214772634889408759e-02
6.126695842450765456e-02 5.505384882749951858e-01 5.987714652325187153e-02 6.659146272050742166e-02
6.146717724288840168e-02 5.484327411267043706e-01 6.222690345956048696e-02 7.159386007219115111e-02
6.166739606126914186e-02 5.462955731550622751e-01 6.466048851190517310e-02 7.671956054545560344e-02
6.186761487964988898e-02 5.441000234291597515e-01 6.718105369368972124e-02 8.167132486839036309e-02
6.206783369803063610e-02 5.418262288801022342e-01 6.979073111789201034e-02 8.623551588600678053e-02
6.226805251641137628e-02 5.394438351562422795e-01 7.249263379739373514e-02 9.024996235750877560e-02
6.246827133479212341e-02 5.369310617059280810e-01 7.529027544521707527e-02 9.359873980844167496e-02
6.266849015317287053e-02 5.342461413795315250e-01 7.818789628684119641e-02 9.621751119265790908e-02
6.286870897155361071e-02 5.313676160110091251e-01 8.119115301618744229e-02 9.809271568724560464e-02
6.306892778993435089e-02 5.282796451091602563e-01 8.430565585984323151e-02 9.931347089760332592e-02
6.326914660831509107e-02 5.249559289897531844e-01 8.753768154473173801e-02 1.002277512575922569e-01
6.346936542669584513e-02 5.213702042654007052e-01 9.089571335511950623e-02 1.014329280027222446e-01
6.366958424507658532e-02 5.174927395380645168e-01 9.439077460827230426e-02 1.033839604114068222e-01
6.386980306345732550e-02 5.132946309471412283e-01 9.803618392072037391e-02 1.062523889634114510e-01
6.407002188183807956e-02 5.087757604326054173e-01 1.018454499960864124e-01 1.100585206325753879e-01
6.427024070021881974e-02 5.039355091659928343e-01 1.058316915681755538e-01 1.147568754767760435e-01
6.447045951859955992e-02 4.987689256413214700e-01 1.100086422976690875e-01 1.202873495333371817e-01
6.467067833698030010e-02 4.933019038677396995e-01 1.143928300431859002e-01 1.266081699802315830e-01
6.487089715536105416e-02 4.875644683711901073e-01 1.190012186477854700e-01 1.336719248624343714e-01
6.507111597374179435e-02 4.815652043966052731e-01 1.238544509641248403e-01 1.414435237377589805e-01
6.527133479212253453e-02 4.753529480547319941e-01 1.289679272273508148e-01 1.499017040034776038e-01
6.547155361050327471e-02 4.689761123286690370e-01 1.343613455748869367e-01 1.590321419562621408e-01
6.567177242888402877e-02 4.624721940994529490e-01 1.400517758389631939e-01 1.688224197518607694e-01
6.587199124726476895e-02 4.558910653209620745e-01 1.460504310557557972e-01 1.792609029458077929e-01
6.607221006564550914e-02 4.492822385708977739e-01 1.523668059944049136e-01 1.903266524395417492e-01
6.627242888402626320e-02 4.426983764190755566e-01 1.590106530643045635e-01 2.019846510203021916e-01
6.647264770240700338e-02 4.361961949199593125e-01 1.659917766578223874e-01 2.142044175480249113e-01
6.667286652078774356e-02 4.298164522996377745e-01 1.733126862093400666e-01 2.269528613352587432e-01
6.687308533916848374e-02 4.235685880921563062e-01 1.809703633364180553e-01 2.401967285507745076e-01
6.707330415754923780e-02 4.174587617296496300e-01 1.889582916077144348e-01 2.539052129897267363e-01
6.727352297592997799e-02 4.115171988297577355e-01 1.972802797918440376e-01 2.680420536629205541e-01
6.747374179431071817e-02 4.057648576406105989e-01 2.059256056817256597e-01 2.825710805242425683e-01
6.767396061269145835e-02 4.002167944730350979e-01 2.148866815642235528e-01 2.974509907973119094e-01
6.787417943107221241e-02 3.948801931918852759e-01 2.241518239717102956e-01 3.126441837571979354e-01
6.807439824945295259e-02 3.897462315433511959e-01 2.337055404019637572e-01 3.281174242608544955e-01
6.827461706783369277e-02 3.848094645038701578e-01 2.435322917649160035e-01 3.438414711945362856e-01
6.847483588621444683e-02 3.800549762791323727e-01 2.536171927071476095e-01 3.597885065344830768e-01
6.867505470459518702e-02 3.754656698584180052e-01 2.639505489063834753e-01 3.759352931590786984e-01
6.887527352297592720e-02 3.710340040411059803e-01 2.745208165685353308e-01 3.922603709538616257e-01
6.907549234135666738e-02 3.667526575132374900e-01 2.853158671536643598e-01 4.087447729187301260e-01
6.927571115973742144e-02 3.626032985062154768e-01 2.963226179793438386e-01 4.253659533301717421e-01
6.947592997811816162e-02 3.585604877122191003e-01 3.075332863664542171e-01 4.420988123680805182e-01
6.967614879649890181e-02 3.546121609903234995e-01 3.189433786332038223e-01 4.589214037746704999e-01
6.987636761487964199e-02 3.507503630323382526e-01 3.305466130629774457e-01 4.758152320773362254e-01
7.007658643326039605e-02 3.469736129305683314e-01 3.423304183834136594e-01 4.927617815771234144e-01
7.027680525164113623e-02 3.432750977489158473e-01 3.542864941003930901e-01 5.097467810289750823e-01
7.047702407002187641e-02 3.396395164073088835e-01 3.664116580899004494e-01 5.267566024086864918e-01
7.067724288840263047e-02 3.360693709292496001e-01 3.787038359269286336e-01 5.437732245520920937e-01
7.087746170678337065e-02 3.325648672924399474e-01 3.911519655337051260e-01 5.607828452055442225e-01
7.107768052516411084e-02 3.291259171588306054e-01 4.037504960147944022e-01 5.777717530792382261e-01
7.127789934354485102e-02 3.257624265192127777e-01 4.165019300393741908e-01 5.947290298181290291e-01
7.147811816192560508e-02 3.224826904274096240e-01 4.293936392570628646e-01 6.116418622417334472e-01
7.167833698030634526e-02 3.192999642565982343e-01 4.424171390624796474e-01 6.285020961168918952e-01
7.187855579868708544e-02 3.162166418664519307e-01 4.555650148055309656e-01 6.453016758847959222e-01
7.207877461706782563e-02 3.132363661239475072e-01 4.688306001358877317e-01 6.620349434119833232e-01
7.227899343544857969e-02 3.103564022688946045e-01 4.821984073380182201e-01 6.786943977605028877e-01
7.247921225382931987e-02 3.075982665084033285e-01 4.956463218069102616e-01 6.952775471891455839e-01
7.267943107221006005e-02 3.049612732423755967e-01 5.091581060712773166e-01 7.117806181397684506e-01
7.287964989059081411e-02 3.024285509865792809e-01 5.227190681336939537e-01 7.282032911663334218e-01
7.307986870897155429e-02 2.999942694463409443e-01 5.363270410666622912e-01 7.445382517473387862e-01
7.328008752735229447e-02 2.976653774025541654e-01 5.499638419534200739e-01 7.607812569441239070e-01
7.348030634573303466e-02 2.954406676031293144e-01 5.636063236543669142e-01 7.769308732818328567e-01
7.368052516411378872e-02 2.933149084399850337e-01 5.772496997027428689e-01 7.929861279647724137e-01
7.388074398249452890e-02 2.912831031402364768e-01 5.908797255631355050e-01 8.089442380141645961e-01
7.408096280087526908e-02 2.893395634879623035e-01 6.044812663461740510e-01 8.248098741706934023e-01
7.428118161925600926e-02 2.874809451300255336e-01 6.180380601067816393e-01 8.405942819369950358e-01
7.448140043763676332e-02 2.856860184296730054e-01 6.315394941422984854e-01 8.562860815918480473e-01
7.468161925601750351e-02 2.839371390468840017e-01 6.449710478158132698e-01 8.718799453305382530e-01
7.488183807439824369e-02 2.822248671840802414e-01 6.583263800108034580e-01 8.873733080944128382e-01
7.508205689277899775e-02 2.805439548240684089e-01 6.716090182277355547e-01 9.027641119773990308e-01
7.528227571115973793e-02 2.788768653250199847e-01 6.848083327130701781e-01 9.180499852593612120e-01
7.548249452954047811e-02 2.772100618350658574e-01 6.979226333605150767e-01 9.332303423995077507e-01
7.568271334792121829e-02 2.755452774326531684e-01 7.109523543056265327e-01 9.483047197244974802e-01
7.588293216630197235e-02 2.738806240830315986e-01 7.238854519450158564e-01 9.632722112780480739e-01
7.608315098468271254e-02 2.722029450179763166e-01 7.367198915815920124e-01 9.781324427203362815e-01
7.628336980306345272e-02 2.705076188405401982e-01 7.494541675868314767e-01 9.928855548615609372e-01
7.648358862144419290e-02 2.687895102829828686e-01 7.620808074466720594e-01 1.007531469140791724e+00
7.668380743982494696e-02 2.670436918857018727e-01 7.746095942431548975e-01 1.022068807091629283e+00
7.688402625820568714e-02 2.652609928496997282e-01 7.870432824410602546e-01 1.036496915615442438e+00
7.708424507658642733e-02 2.634345754303368259e-01 7.993745770125132433e-01 1.050817667673738187e+00
7.728446389496718139e-02 2.615801610352063711e-01 8.115953569647581523e-01 1.065030688416075622e+00
7.748468271334792157e-02 2.596939099278409713e-01 8.237092858420005381e-01 1.079133816767832599e+00
7.768490153172866175e-02 2.577764781057726995e-01 8.357126398461801609e-01 1.093126243474472403e+00
7.788512035010940193e-02 2.558379358556344130e-01 8.476158577437266084e-01 1.107006926621813436e+00
7.808533916849015599e-02 2.538708943628024683e-01 8.594157098060201116e-01 1.120775444020879918e+00
7.828555798687089617e-02 2.518693360336454745e-01 8.711120186749842231e-01 1.134430985067954367e+00
7.848577680525163636e-02 2.498375013607825879e-01 8.826997497285866690e-01 1.147974128193911092e+00
7.868599562363237654e-02 2.477701842047561054e-01 8.941730906395386480e-01 1.161404193222520975e+00
7.888621444201313060e-02 2.456608270127248750e-01 9.055321549778267975e-01 1.174720881464583533e+00
7.908643326039387078e-02 2.435168414523656844e-01 9.167774979007446978e-01 1.187923843916923961e+00
7.928665207877461096e-02 2.413330735073209998e-01 9.279100967026450153e-01 1.201011974820753503e+00
7.948687089715536502e-02 2.391052463089982927e-01 9.389271431731196493e-01 1.213985392578794009e+00
7.968708971553610521e-02 2.368329332670726373e-01 9.498192553119036985e-01 1.226843486773027125e+00
7.988730853391684539e-02 2.345150190007687652e-01 9.605811911311726847e-01 1.239586543758236736e+00
8.008752735229758557e-02 2.321456871486464735e-01 9.712052754850635239e-01 1.252214848741911357e+00
8.028774617067833963e-02 2.297200913099933517e-01 9.816785154458620433e-01 1.264728239496750728e+00
8.048796498905907981e-02 2.272308033306448261e-01 9.919956232555302567e-01 1.277126557396538242e+00
8.068818380743981999e-02 2.246594930109521437e-01 1.002167544905390617e+00 1.289408961361897088e+00
8.088840262582056018e-02 2.220045564363657964e-01 1.012193921854628309e+00 1.301575144642977966e+00
8.108862144420131424e-02 2.192659046499607078e-01 1.022072142813584161e+00 1.313624869581924370e+00
8.128884026258205442e-02 2.164227404589879888e-01 1.031799112655553907e+00 1.325557441667593261e+00
8.148905908096279460e-02 2.134650467213449754e-01 1.041374621888368823e+00 1.337372367280804442e+00
8.168927789934354866e-02 2.103889024652765838e-01 1.050785510960857261e+00 1.349069108325138489e+00
8.188949671772428884e-02 2.071897248474366404e-01 1.060021765478075917e+00 1.360646803413686046e+00
8.208971553610502903e-02 2.038626807674423225e-01 1.069083595418589328e+00 1.372104522366093704e+00
8.228993435448576921e-02 2.004041013454638809e-01 1.077979098915750722e+00 1.383441209640754899e+00
8.249015317286652327e-02 1.968065303790074994e-01 1.086709908627508492e+00 1.394656029942031417e+00
8.269037199124726345e-02 1.930675255948682556e-01 1.095272685632076692e+00 1.405748102680142608e+00
8.289059080962800363e-02 1.891797043029656289e-01 1.103679959403850441e+00 1.416716483738168497e+00
8.309080962800874381e-02 1.851400867690572716e-01 1.111933036848630652e+00 1.427560186048592472e+00
8.329102844638949787e-02 1.809537417271486481e-01 1.120023867375581350e+00 1.438278445629614710e+00
8.349124726477023806e-02 1.766173916243200803e-01 1.127955646296430414e+00 1.448870413319600869e+00
8.369146608315097824e-02 1.721346270795417743e-01 1.135730376224595828e+00 1.459335096697524037e+00
8.389168490153173230e-02 1.675144708234715951e-01 1.143344856606987703e+00 1.469671642457203165e+00
8.409190371991247248e-02 1.627619489790836926e-01 1.150806686425586811e+00 1.479879352006139070e+00
8.429212253829321266e-02 1.578833934778371140e-01 1.158125148727823017e+00 1.489957607205712131e+00
8.449234135667395285e-02 1.528887156985819784e-01 1.165300398348089628e+00 1.499905827591167196e+00
8.469256017505470691e-02 1.477859483914429062e-01 1.172331382926082410e+00 1.509723690949514419e+00
8.489277899343544709e-02 1.425850371136128114e-01 1.179226778749804971e+00 1.519410944399692820e+00
8.509299781181618727e-02 1.373039469442853822e-01 1.185992209621325566e+00 1.528967374216981367e+00
8.529321663019692745e-02 1.319557958592298963e-01 1.192637548736279696e+00 1.538392942595918411e+00
8.549343544857768151e-02 1.265589223588451662e-01 1.199156812197021305e+00 1.547687878298904529e+00
8.569365426695842169e-02 1.211305970952396144e-01 1.205548608699329005e+00 1.556852402058894969e+00
8.589387308533916188e-02 1.156937717836506452e-01 1.211820344614397360e+00 1.565886938475084866e+00
8.609409190371991594e-02 1.102614985960118088e-01 1.217978217422805765e+00 1.574792030897820716e+00
8.629431072210065612e-02 1.048453601637328175e-01 1.224022950803092424e+00 1.583568502168236192e+00
8.649452954048139630e-02 9.946533025630807656e-02 1.229959895580148288e+00 1.592217377309332216e+00
8.669474835886213648e-02 9.414239200888871451e-02 1.235802548999797912e+00 1.600739674207828145e+00
8.689496717724289054e-02 8.889506860798551680e-02 1.241553833718360478e+00 1.609136678846484036e+00
8.709518599562363073e-02 8.374322593253491487e-02 1.247207886450561132e+00 1.617409730862649608e+00
8.729540481400437091e-02 7.870058492201446876e-02 1.252771198967175703e+00 1.625560297033683099e+00
8.749562363238511109e-02 7.377694780950212750e-02 1.258255461543113629e+00 1.633590070376939485e+00
8.769584245076586515e-02 6.898382163311216064e-02 1.263674167410621108e+00 1.641500653655182829e+00
8.789606126914660533e-02 6.433464042728223586e-02 1.269018181753640340e+00 1.649293838263919287e+00
8.809628008752734551e-02 5.984215812070660390e-02 1.274287070485763618e+00 1.656971547198468508e+00
8.829649890590809957e-02 5.552296666518595492e-02 1.279482816683109148e+00 1.664535703944596712e+00
8.849671772428883976e-02 5.138411057911584923e-02 1.284615730668713374e+00 1.671988401983158568e+00
8.869693654266957994e-02 4.743071931329444213e-02 1.289689897477012348e+00 1.679331729122646610e+00
8.889715536105032012e-02 4.366899019358173872e-02 1.294705655790291621e+00 1.686567814278928212e+00
8.909737417943107418e-02 4.010235892712565170e-02 1.299665544576196652e+00 1.693698779027031698e+00
8.929759299781181436e-02 3.673449200634849865e-02 1.304573118738175941e+00 1.700726811094225077e+00
8.949781181619255455e-02 3.356383201302304276e-02 1.309432532688892037e+00 1.707654181917678704e+00
8.969803063457329473e-02 3.058660727049972508e-02 1.314244931190135857e+00 1.714483033807004508e+00
8.989824945295404879e-02 2.779945254710309080e-02 1.319012603369727588e+00 1.721215545562690741e+00
9.009846827133478897e-02 2.520258484718627262e-02 1.323743548633760980e+00 1.727853929842379621e+00
9.029868708971552915e-02 2.279167558772407162e-02 1.328436194507067958e+00 1.734400370122457291e+00
9.049890590809628321e-02 2.056020129914733208e-02 1.333082870299871159e+00 1.740857001431042272e+00
9.069912472647702339e-02 1.850239044869896737e-02 1.337692656931164681e+00 1.747225912281717974e+00
9.089934354485776358e-02 1.660928624869479828e-02 1.342272553542452673e+00 1.753509157923931916e+00
9.109956236323850376e-02 1.487209907355899891e-02 1.346834721484324593e+00 1.759708773936807802e+00
9.129978118161925782e-02 1.328344188280768633e-02 1.351387005910912098e+00 1.765826797309021590e+00
9.149999999999999800e-02 1.183485073728807006e-02 1.355909972984546297e+00 1.771865117991586969e+00
9.170021881838073818e-02 1.051790045073992819e-02 1.360427874771521717e+00 1.777825614924985587e+00
9.190043763676149224e-02 9.328273130617223408e-03 1.364908974811993803e+00 1.783710103326576091e+00
9.210065645514223243e-02 8.256012786701886000e-03 1.369353705088668827e+00 1.789520334601259810e+00
9.230087527352297261e-02 7.288896560420104857e-03 1.373749553999360051e+00 1.795258040584023274e+00
9.250109409190371279e-02 6.421203095748267281e-03 1.378119686371876540e+00 1.800924877287596537e+00
9.270131291028446685e-02 5.646200869424167733e-03 1.382461919659971894e+00 1.806522474080803020e+00
9.290153172866520703e-02 4.954893295832353550e-03 1.386820023602337137e+00 1.812052409149089049e+00
9.310175054704594721e-02 4.337278847711262264e-03 1.391199428580066400e+00 1.817516215903764110e+00
9.330196936542668740e-02 3.788006356991521859e-03 1.395603278572322692e+00 1.822915377620283550e+00
9.350218818380744146e-02 3.301132577038811289e-03 1.400003840629414409e+00 1.828251287057642172e+00
9.370240700218818164e-02 2.871602553671479766e-03 1.404358791666481476e+00 1.833525289782722334e+00
9.390262582056892182e-02 2.492016622544115760e-03 1.408669447186246426e+00 1.838738712390910468e+00
9.410284463894967588e-02 2.156791554937497347e-03 1.413013481380692715e+00 1.843892852176849173e+00
9.430306345733041606e-02 1.863480626463374489e-03 1.417324125690792913e+00 1.848988926644349995e+00
9.450328227571115625e-02 1.607615235821278476e-03 1.421631515207789187e+00 1.854028151973746263e+00
9.470350109409189643e-02 1.384874155192024076e-03 1.425918135076202242e+00 1.859011683900035905e+00
9.490371991247265049e-02 1.191216184222021902e-03 1.430165940217466014e+00 1.863940660255735349e+00
9.510393873085339067e-02 1.023256952734529022e-03 1.434336511726770569e+00 1.868816148613657413e+00
9.530415754923413085e-02 8.776729850602449845e-04 1.438462090187929920e+00 1.873639198899590630e+00
9.550437636761487104e-02 7.518419097485336136e-04 1.442534574595850216e+00 1.878410831264210268e+00
9.570459518599562510e-02 6.428884246213368864e-04 1.446624406966485088e+00 1.883132031653018013e+00
9.590481400437636528e-02 5.486572180354660133e-04 1.450708246260564049e+00 1.887803756774793174e+00
9.610503282275710546e-02 4.674105736142798533e-04 1.454695032013727962e+00 1.892426938159796013e+00
9.630525164113785952e-02 3.974863278878740334e-04 1.458636875243859432e+00 1.897002478180211504e+00
9.650547045951859970e-02 3.376468290041130635e-04 1.462530648878504813e+00 1.901531239783951666e+00
9.670568927789933988e-02 2.861214772999994579e-04 1.466622696392780201e+00 1.906014077463362044e+00
9.690590809628008007e-02 2.421794453907770482e-04 1.470801519096754939e+00 1.910451811829153357e+00
9.710612691466083413e-02 2.047743558915167655e-04 1.475086439478349831e+00 1.914845237675500300e+00
9.730634573304157431e-02 1.730338450859225273e-04 1.479345697271035265e+00 1.919195135276795749e+00
9.750656455142231449e-02 1.459878169819643493e-04 1.483640913576028231e+00 1.923502265980747916e+00
9.770678336980305467e-02 1.233508255094750304e-04 1.487645452674381419e+00 1.927767362645741445e+00
9.790700218818380873e-02 1.039694689804677215e-04 1.491728356808213585e+00 1.931991142309480214e+00
9.810722100656454892e-02 8.757404197692348214e-05 1.495611921818343903e+00 1.936174303050540280e+00
9.830743982494528910e-02 7.341910615063256451e-05 1.499194786725966955e+00 1.940317522447115861e+00
9.850765864332604316e-02 6.145469726685022678e-05 1.502778164540141237e+00 1.944421460263440871e+00
9.870787746170678334e-02 5.137115518577410926e-05 1.506186352219185398e+00 1.948486760638179272e+00
9.890809628008752352e-02 4.299879168926786454e-05 1.509470511616554322e+00 1.952514050949944791e+00
9.910831509846826370e-02 3.606179876116484204e-05 1.512638139741075305e+00 1.956503945608913719e+00
9.930853391684901776e-02 3.025949256704768580e-05 1.515834822174511931e+00 1.960457039724619710e+00
9.950875273522975795e-02 2.531140095568982511e-05 1.519320700416996628e+00 1.964373916317617486e+00
9.970897155361049813e-02 2.118319211368706694e-05 1.523226302460959580e+00 1.968255144878943819e+00
9.990919037199123831e-02 1.771367919231733520e-05 1.526689821144432635e+00 1.972101280430495152e+00
1.001094091903719924e-01 1.483716624583176461e-05 1.529393304386330144e+00 1.975912864773962108e+00
1.003096280087527326e-01 1.247187592040114196e-05 1.532085959353985949e+00 1.979690427444025680e+00
1.005098468271334727e-01 1.053247261189795426e-05 1.535530847914754915e+00 1.983434484964021749e+00
1.007100656455142268e-01 8.935856611330007121e-06 1.539290216138995193e+00 1.987145542124781450e+00
1.009102844638949670e-01 7.621541615869631444e-06 1.543313231178020217e+00 1.990824092230495390e+00
1.011105032822757072e-01 6.539223950332510257e-06 1.546629543643033511e+00 1.994470616991530720e+00
1.013107221006564473e-01 5.627636751639365171e-06 1.548913502082323479e+00 1.998085587717410183e+00
1.015109409190372014e-01 4.792887351790419652e-06 1.550861538663813599e+00 2.001669465376766599e+00
1.017111597374179416e-01 4.034417588226806336e-06 1.552661407011347583e+00 2.005222700880820774e+00
1.019113785557986818e-01 3.330087395324736983e-06 1.556589156168175281e+00 2.008745734948617301e+00
1.021115973741794219e-01 2.756453370323929366e-06 1.561251630897944054e+00 2.012238999001585871e+00
1.023118161925601760e-01 2.307584709390457257e-06 1.565093718154749958e+00 2.015702914902671505e+00
1.025120350109409162e-01 1.918124494038340122e-06 1.568561733110980461e+00 2.019137895232249846e+00
1.027122538293216564e-01 1.629128360099003921e-06 1.571663352435686667e+00 2.022544343944984835e+00
1.029124726477024104e-01 1.404644801008281291e-06 1.576450235200830496e+00 2.025922656655417153e+00
1.031126914660831506e-01 1.238843804913766838e-06 1.581378640147319325e+00 2.029273219937526740e+00
1.033129102844638908e-01 1.109417757098419148e-06 1.584285730535103687e+00 2.032596412878995285e+00
1.035131291028446310e-01 9.886880600361802163e-07 1.586269832226424148e+00 2.035892606648043390e+00
1.037133479212253850e-01 8.703916306647096189e-07 1.590512739279045018e+00 2.039162164686841194e+00
1.039135667396061252e-01 7.590324507541154791e-07 1.595959176597311791e+00 2.042405443054733372e+00
1.041137855579868654e-01 6.797577797962426120e-07 1.603581655612084100e+00 2.045622790397476631e+00
1.043140043763676056e-01 6.070585791993747918e-07 1.612625304406601012e+00 2.048814548599422913e+00
1.045142231947483596e-01 5.308322877884974455e-07 1.624555779144049916e+00 2.051981052629999080e+00
1.047144420131290998e-01 4.569392658811745637e-07 1.638474708986144224e+00 2.055122630730257693e+00
1.049146608315098400e-01 4.101952928808739535e-07 1.643781172884188457e+00 2.058239604600474504e+00
1.051148796498905941e-01 3.623144429417114177e-07 1.648056460549266466e+00 2.061332289927247707e+00
1.053150984682713343e-01 3.089755344156011662e-07 1.654095453717246533e+00 2.064400996082939255e+00
1.055153172866520744e-01 2.594411628199125196e-07 1.658210553401850973e+00 2.067446026366567047e+00
1.057155361050328146e-01 2.126995238343020774e-07 1.659516749516310119e+00 2.070467678304923176e+00
1.059157549234135687e-01 1.630202193107573171e-07 1.661587596354509033e+00 2.073466243764209072e+00
1.061159737417943089e-01 1.216485873407895618e-07 1.663536189484554173e+00 2.076442008930919236e+00
1.063161925601750490e-01 7.973387971156518357e-08 1.667037496560157539e+00 2.079395254794210057e+00
1.065164113785557892e-01 4.112475421582675476e-08 1.673367694664857241e+00 2.082326257013071835e+00
1.067166301969365433e-01 1.063694814427797190e-08 1.685036114066410962e+00 2.085235286078615857e+00
1.069168490153172835e-01 0.000000000000000000e+00 0.000000000000000000e+00 2.088122607348443793e+00
1.071170678336980236e-01 0.000000000000000000e+00 0.000000000000000000e+00 2.090988481486756090e+00
1.073172866520787777e-01 0.000000000000000000e+00 0.000000000000000000e+00 2.093833164377769229e+00
1.075175054704595179e-01 0.000000000000000000e+00 0.000000000000000000e+00 2.096656907182152363e+00
1.077177242888402581e-01 0.000000000000000000e+00 0.000000000000000000e+00 2.099459956519691861e+00
1.079179431072209983e-01 0.000000000000000000e+00 0.000000000000000000e+00 2.102242554585819434e+00
1.081181619256017523e-01 0.000000000000000000e+00 0.000000000000000000e+00 2.105004939365293648e+00
1.083183807439824925e-01 0.000000000000000000e+00 0.000000000000000000e+00 2.107747345014887586e+00
1.085185995623632327e-01 0.000000000000000000e+00 0.000000000000000000e+00 2.110470001244473703e+00
1.087188183807439729e-01 0.000000000000000000e+00 0.000000000000000000e+00 2.113173133507557200e+00
1.089190371991247269e-01 0.000000000000000000e+00 0.000000000000000000e+00 2.115856963302936933e+00
1.091192560175054671e-01 0.000000000000000000e+00 0.000000000000000000e+00 2.118521708279583748e+00
1.093194748358862073e-01 0.000000000000000000e+00 0.000000000000000000e+00 2.121167582325082623e+00
1.095196936542669613e-01 0.000000000000000000e+00 0.000000000000000000e+00 2.123794795651287259e+00
1.097199124726477015e-01 0.000000000000000000e+00 0.000000000000000000e+00 2.126403554877394964e+00
1.099201312910284417e-01 0.000000000000000000e+00 0.000000000000000000e+00 2.128994063110848156e+00
1.101203501094091819e-01 0.000000000000000000e+00 0.000000000000000000e+00 2.131566520025853784e+00
1.103205689277899360e-01 0.000000000000000000e+00 0.000000000000000000e+00 2.134121121939801302e+00
1.105207877461706761e-01 0.000000000000000000e+00 0.000000000000000000e+00 2.136658061887438453e+00
1.107210065645514163e-01 0.000000000000000000e+00 0.000000000000000000e+00 2.139177529693182755e+00
1.109212253829321565e-01 0.000000000000000000e+00 0.000000000000000000e+00 2.141679712041262285e+00
1.111214442013129106e-01 0.000000000000000000e+00 0.000000000000000000e+00 2.144164792544069442e+00
1.113216630196936507e-01 0.000000000000000000e+00 0.000000000000000000e+00 2.146632951808607803e+00
1.115218818380743909e-01 0.000000000000000000e+00 0.000000000000000000e+00 2.149084367501195025e+00
1.117221006564551450e-01 0.000000000000000000e+00 0.000000000000000000e+00 2.151519214410390735e+00
1.119223194748358852e-01 0.000000000000000000e+00 0.000000000000000000e+00 2.153937664508201344e+00
1.121225382932166253e-01 0.000000000000000000e+00 0.000000000000000000e+00 2.156339887009813161e+00
1.123227571115973655e-01 0.000000000000000000e+00 0.000000000000000000e+00 2.158726048431593547e+00
1.125229759299781196e-01 0.000000000000000000e+00 0.000000000000000000e+00 2.161096312647684758e+00
1.127231947483588598e-01 0.000000000000000000e+00 0.000000000000000000e+00 2.163450840945059017e+00
1.129234135667396000e-01 0.000000000000000000e+00 0.000000000000000000e+00 2.165789792077256415e+00
1.131236323851203401e-01 0.000000000000000000e+00 0.000000000000000000e+00 2.168113322316689295e+00
1.133238512035010942e-01 0.000000000000000000e+00 0.000000000000000000e+00 2.170421585505774242e+00
1.135240700218818344e-01 0.000000000000000000e+00 0.000000000000000000e+00 2.172714733106954732e+00
1.137242888402625746e-01 0.000000000000000000e+00 0.000000000000000000e+00 2.174992914252075860e+00
1.139245076586433286e-01 0.000000000000000000e+00 0.000000000000000000e+00 2.177256275793220119e+00
1.141247264770240688e-01 0.000000000000000000e+00 0.000000000000000000e+00 2.179504962365921283e+00
1.143249452954048090e-01 0.000000000000000000e+00 0.000000000000000000e+00 2.181739116674616952e+00
1.145251641137855492e-01 0.000000000000000000e+00 0.000000000000000000e+00 2.183958879262338115e+00
1.147253829321663032e-01 0.000000000000000000e+00 0.000000000000000000e+00 2.186164388306577777e+00
1.149256017505470434e-01 0.000000000000000000e+00 0.000000000000000000e+00 2.188355779880719165e+00
1.151258205689277836e-01 0.000000000000000000e+00 0.000000000000000000e+00 2.190533188030439504e+00
1.153260393873085377e-01 0.000000000000000000e+00 0.000000000000000000e+00 2.192696744814232268e+00
1.155262582056892778e-01 0.000000000000000000e+00 0.000000000000000000e+00 2.194846580341977216e+00
1.157264770240700180e-01 0.000000000000000000e+00 0.000000000000000000e+00 2.196982822812497016e+00
1.159266958424507582e-01 0.000000000000000000e+00 0.000000000000000000e+00 2.199105598550238128e+00
1.161269146608315123e-01 0.000000000000000000e+00 0.000000000000000000e+00 2.201215032041114572e+00
1.163271334792122524e-01 0.000000000000000000e+00 0.000000000000000000e+00 2.203311245967459531e+00
1.165273522975929926e-01 0.000000000000000000e+00 0.000000000000000000e+00 2.205394361242031920e+00
1.167275711159737328e-01 0.000000000000000000e+00 0.000000000000000000e+00 2.207464497041461637e+00
1.169277899343544869e-01 0.000000000000000000e+00 0.000000000000000000e+00 2.209521770838691168e+00
1.171280087527352270e-01 0.000000000000000000e+00 0.000000000000000000e+00 2.211566298434766153e+00
1.173282275711159672e-01 0.000000000000000000e+00 0.000000000000000000e+00 2.213598193989815055e+00
1.175284463894967213e-01 0.000000000000000000e+00 0.000000000000000000e+00 2.215617570053395102e+00
1.177286652078774615e-01 0.000000000000000000e+00 0.000000000000000000e+00 2.217624537594088618e+00
1.179288840262582017e-01 0.000000000000000000e+00 0.000000000000000000e+00 2.219619206028367486e+00
1.181291028446389418e-01 0.000000000000000000e+00 0.000000000000000000e+00 2.221601683248873194e+00
1.183293216630196959e-01 0.000000000000000000e+00 0.000000000000000000e+00 2.223572075652115565e+00
1.185295404814004361e-01 0.000000000000000000e+00 0.000000000000000000e+00 2.225530488165302856e+00
1.187297592997811763e-01 0.000000000000000000e+00 0.000000000000000000e+00 2.227477024272898731e+00
1.189299781181619164e-01 0.000000000000000000e+00 0.000000000000000000e+00 2.229411786042334587e+00
1.191301969365426705e-01 0.000000000000000000e+00 0.000000000000000000e+00 2.231334874149307979e+00
1.193304157549234107e-01 0.000000000000000000e+00 0.000000000000000000e+00 2.233246387902576124e+00
1.195306345733041509e-01 0.000000000000000000e+00 0.000000000000000000e+00 2.235146425268242698e+00
1.197308533916849049e-01 0.000000000000000000e+00 0.000000000000000000e+00 2.237035082893981564e+00
1.199310722100656451e-01 0.000000000000000000e+00 0.000000000000000000e+00 2.238912456133488327e+00
1.201312910284463853e-01 0.000000000000000000e+00 0.000000000000000000e+00 2.240778639074459289e+00
1.203315098468271255e-01 0.000000000000000000e+00 0.000000000000000000e+00 2.242633724684059526e+00
1.205317286652078795e-01 0.000000000000000000e+00 0.000000000000000000e+00 2.244477804824435818e+00
1.207319474835886197e-01 0.000000000000000000e+00 0.000000000000000000e+00 2.246310969935697344e+00
1.209321663019693599e-01 0.000000000000000000e+00 0.000000000000000000e+00 2.248133309208208974e+00
1.211323851203501001e-01 0.000000000000000000e+00 0.000000000000000000e+00 2.249944910661280773e+00
1.213326039387308541e-01 0.000000000000000000e+00 0.000000000000000000e+00 2.251745861165284079e+00
1.215328227571115943e-01 0.000000000000000000e+00 0.000000000000000000e+00 2.253536246461033787e+00
1.217330415754923345e-01 0.000000000000000000e+00 0.000000000000000000e+00 2.255316151178735407e+00
1.219332603938730886e-01 0.000000000000000000e+00 0.000000000000000000e+00 2.257085658856416543e+00
1.221334792122538287e-01 0.000000000000000000e+00 0.000000000000000000e+00 2.258844851958210498e+00
1.223336980306345689e-01 0.000000000000000000e+00 0.000000000000000000e+00 2.260593811891933758e+00
1.225339168490153091e-01 0.000000000000000000e+00 0.000000000000000000e+00 2.262332619026556024e+00
1.227341356673960632e-01 0.000000000000000000e+00 0.000000000000000000e+00 2.264061352709214159e+00
1.229343544857768034e-01 0.000000000000000000e+00 0.000000000000000000e+00 2.265780091281824227e+00
1.231345733041575435e-01 0.000000000000000000e+00 0.000000000000000000e+00 2.267488912097477272e+00
1.233347921225382837e-01 0.000000000000000000e+00 0.000000000000000000e+00 2.269187891536322166e+00
1.235350109409190378e-01 0.000000000000000000e+00 0.000000000000000000e+00 2.270877105021314790e+00
1.237352297592997780e-01 0.000000000000000000e+00 0.000000000000000000e+00 2.272556627033502252e+00
1.239354485776805181e-01 0.000000000000000000e+00 0.000000000000000000e+00 2.274226531127034434e+00
1.241356673960612722e-01 0.000000000000000000e+00 0.000000000000000000e+00 2.275886889943965485e+00
1.243358862144420124e-01 0.000000000000000000e+00 0.000000000000000000e+00 2.277537775228567263e+00
1.245361050328227526e-01 0.000000000000000000e+00 0.000000000000000000e+00 2.279179257841573936e+00
1.247363238512034928e-01 0.000000000000000000e+00 0.000000000000000000e+00 2.280811407774004707e+00
1.249365426695842468e-01 0.000000000000000000e+00 0.000000000000000000e+00 2.282434294160730293e+00
1.251367614879649870e-01 0.000000000000000000e+00 0.000000000000000000e+00 2.284047985293878202e+00
1.253369803063457411e-01 0.000000000000000000e+00 0.000000000000000000e+00 2.285652548635924930e+00
1.255371991247264674e-01 0.000000000000000000e+00 0.000000000000000000e+00 2.287248050832589197e+00
1.257374179431072214e-01 0.000000000000000000e+00 0.000000000000000000e+00 2.288834557725698993e+00
1.259376367614879477e-01 0.000000000000000000e+00 0.000000000000000000e+00 2.290412134366218933e+00
1.261378555798687018e-01 0.000000000000000000e+00 0.000000000000000000e+00 2.291980845029370162e+00
1.263380743982494558e-01 0.000000000000000000e+00 0.000000000000000000e+00 2.293540753256979148e+00
1.265382932166301821e-01 0.000000000000000000e+00 0.000000000000000000e+00 2.295091922005069396e+00
1.267385120350109362e-01 0.000000000000000000e+00 0.000000000000000000e+00 2.296634413383587425e+00
1.269387308533916903e-01 0.000000000000000000e+00 0.000000000000000000e+00 2.298168288660122016e+00
1.271389496717724166e-01 0.000000000000000000e+00 0.000000000000000000e+00 2.299693608370280362e+00
1.273391684901531706e-01 0.000000000000000000e+00 0.000000000000000000e+00 2.301210432336630252e+00
1.275393873085339247e-01 0.000000000000000000e+00 0.000000000000000000e+00 2.302718819679574036e+00
1.277396061269146510e-01 0.000000000000000000e+00 0.000000000000000000e+00 2.304218828827535592e+00
1.279398249452954051e-01 0.000000000000000000e+00 0.000000000000000000e+00 2.305710517527140624e+00
1.281400437636761591e-01 0.000000000000000000e+00 0.000000000000000000e+00 2.307193942853084323e+00
1.283402625820568854e-01 0.000000000000000000e+00 0.000000000000000000e+00 2.308669161217916876e+00
1.285404814004376395e-01 0.000000000000000000e+00 0.000000000000000000e+00 2.310136228381559409e+00
1.287407002188183658e-01 0.000000000000000000e+00 0.000000000000000000e+00 2.311595199460621419e+00
1.289409190371991198e-01 0.000000000000000000e+00 0.000000000000000000e+00 2.313046128937723545e+00
1.291411378555798739e-01 0.000000000000000000e+00 0.000000000000000000e+00 2.314489070670394444e+00
1.293413566739606002e-01 0.000000000000000000e+00 0.000000000000000000e+00 2.315924077899993883e+00
1.295415754923413543e-01 0.000000000000000000e+00 0.000000000000000000e+00 2.317351203260374692e+00
1.297417943107221083e-01 0.000000000000000000e+00 0.000000000000000000e+00 2.318770498786430156e+00
1.299420131291028346e-01 0.000000000000000000e+00 0.000000000000000000e+00 2.320182015922507723e+00
1.301422319474835887e-01 0.000000000000000000e+00 0.000000000000000000e+00 2.321585805530518964e+00
1.303424507658643428e-01 0.000000000000000000e+00 0.000000000000000000e+00 2.322981917898158777e+00
1.305426695842450691e-01 0.000000000000000000e+00 0.000000000000000000e+00 2.324370402746704922e+00
1.307428884026258231e-01 0.000000000000000000e+00 0.000000000000000000e+00 2.325751309238908604e+00
1.309431072210065494e-01 0.000000000000000000e+00 0.000000000000000000e+00 2.327124685986578179e+00
1.311433260393873035e-01 0.000000000000000000e+00 0.000000000000000000e+00 2.328490581058143327e+00
1.313435448577680575e-01 0.000000000000000000e+00 0.000000000000000000e+00 2.329849041986029157e+00
1.315437636761487838e-01 0.000000000000000000e+00 0.000000000000000000e+00 2.331200115773996551e+00
1.317439824945295379e-01 0.000000000000000000e+00 0.000000000000000000e+00 2.332543848904391925e+00
1.319442013129102920e-01 0.000000000000000000e+00 0.000000000000000000e+00 2.333880287345381888e+00
1.321444201312910183e-01 0.000000000000000000e+00 0.000000000000000000e+00 2.335209476558687047e+00
1.323446389496717723e-01 0.000000000000000000e+00 0.000000000000000000e+00 2.336531461509140595e+00
1.325448577680525264e-01 0.000000000000000000e+00 0.000000000000000000e+00 2.337846286734142076e+00
1.327450765864332527e-01 0.000000000000000000e+00 0.000000000000000000e+00 2.339153996384732093e+00
1.329452954048140068e-01 0.000000000000000000e+00 0.000000000000000000e+00 2.340454634001203349e+00
1.331455142231947331e-01 0.000000000000000000e+00 0.000000000000000000e+00 2.341748242600437013e+00
1.333457330415754871e-01 0.000000000000000000e+00 0.000000000000000000e+00 2.343034864727787880e+00
1.335459518599562412e-01 0.000000000000000000e+00 0.000000000000000000e+00 2.344314542465226303e+00
1.337461706783369675e-01 0.000000000000000000e+00 0.000000000000000000e+00 2.345587317437405339e+00
1.339463894967177215e-01 0.000000000000000000e+00 0.000000000000000000e+00 2.346853230817355751e+00
1.341466083150984756e-01 0.000000000000000000e+00 0.000000000000000000e+00 2.348112323332320006e+00
1.343468271334792019e-01 0.000000000000000000e+00 0.000000000000000000e+00 2.349364635269350909e+00
1.345470459518599560e-01 0.000000000000000000e+00 0.000000000000000000e+00 2.350610206480820530e+00
1.347472647702407100e-01 0.000000000000000000e+00 0.000000000000000000e+00 2.351849076389849191e+00
1.349474835886214363e-01 0.000000000000000000e+00 0.000000000000000000e+00 2.353081283995718032e+00
1.351477024070021904e-01 0.000000000000000000e+00 0.000000000000000000e+00 2.354306867878981802e+00
1.353479212253829167e-01 0.000000000000000000e+00 0.000000000000000000e+00 2.355525866206778840e+00
1.355481400437636708e-01 0.000000000000000000e+00 0.000000000000000000e+00 2.356738316737795991e+00
1.357483588621444248e-01 0.000000000000000000e+00 0.000000000000000000e+00 2.357944256827206875e+00
1.359485776805251511e-01 0.000000000000000000e+00 0.000000000000000000e+00 2.359143723431712303e+00
1.361487964989059052e-01 0.000000000000000000e+00 0.000000000000000000e+00 2.360336753114248065e+00
1.363490153172866592e-01 0.000000000000000000e+00 0.000000000000000000e+00 2.361523382048678510e+00
1.365492341356673855e-01 0.000000000000000000e+00 0.000000000000000000e+00 2.362703646024531867e+00
1.367494529540481396e-01 0.000000000000000000e+00 0.000000000000000000e+00 2.363877580451530402e+00
1.369496717724288937e-01 0.000000000000000000e+00 0.000000000000000000e+00 2.365045220364072609e+00
1.371498905908096200e-01 0.000000000000000000e+00 0.000000000000000000e+00 2.366206600425651008e+00
1.373501094091903740e-01 0.000000000000000000e+00 0.000000000000000000e+00 2.367361754933213103e+00
1.375503282275711003e-01 0.000000000000000000e+00 0.000000000000000000e+00 2.368510717821466827e+00
1.377505470459518544e-01 0.000000000000000000e+00 0.000000000000000000e+00 2.369653522667118928e+00
1.379507658643326085e-01 0.000000000000000000e+00 0.000000000000000000e+00 2.370790202693032533e+00
1.381509846827133348e-01 0.000000000000000000e+00 0.000000000000000000e+00 2.371920790772623633e+00
1.383512035010940888e-01 0.000000000000000000e+00 0.000000000000000000e+00 2.373045319434352152e+00
1.385514223194748429e-01 0.000000000000000000e+00 0.000000000000000000e+00 2.374163820867913888e+00
1.387516411378555692e-01 0.000000000000000000e+00 0.000000000000000000e+00 2.375276326972977969e+00
1.389518599562363232e-01 0.000000000000000000e+00 0.000000000000000000e+00 2.376382869408055765e+00
1.391520787746170773e-01 0.000000000000000000e+00 0.000000000000000000e+00 2.377483479398284860e+00
1.393522975929978036e-01 0.000000000000000000e+00 0.000000000000000000e+00 2.378578187796962506e+00
1.395525164113785577e-01 0.000000000000000000e+00 0.000000000000000000e+00 2.379667025131487978e+00
1.397527352297592840e-01 0.000000000000000000e+00 0.000000000000000000e+00 2.380750021609111311e+00
1.399529540481400380e-01 0.000000000000000000e+00 0.000000000000000000e+00 2.381827207120450929e+00
1.401531728665207921e-01 0.000000000000000000e+00 0.000000000000000000e+00 2.382898611242842080e+00
1.403533916849015184e-01 0.000000000000000000e+00 0.000000000000000000e+00 2.383964263243663950e+00
1.405536105032822725e-01 0.000000000000000000e+00 0.000000000000000000e+00 2.385024192083625039e+00
1.407538293216630265e-01 0.000000000000000000e+00 0.000000000000000000e+00 2.386078426420046306e+00
1.409540481400437528e-01 0.000000000000000000e+00 0.000000000000000000e+00 2.387126994609903630e+00
1.411542669584245069e-01 0.000000000000000000e+00 0.000000000000000000e+00 2.388169924713060777e+00
1.413544857768052609e-01 0.000000000000000000e+00 0.000000000000000000e+00 2.389207244495185289e+00
1.415547045951859872e-01 0.000000000000000000e+00 0.000000000000000000e+00 2.390238981430916620e+00
1.417549234135667413e-01 0.000000000000000000e+00 0.000000000000000000e+00 2.391265162706626146e+00
1.419551422319474676e-01 0.000000000000000000e+00 0.000000000000000000e+00 2.392285815223459178e+00
1.421553610503282217e-01 0.000000000000000000e+00 0.000000000000000000e+00 2.393300965600101193e+00
1.423555798687089757e-01 0.000000000000000000e+00 0.000000000000000000e+00 2.394310640175576044e+00
1.425557986870897020e-01 0.000000000000000000e+00 0.000000000000000000e+00 2.395314865011997529e+00
1.427560175054704561e-01 0.000000000000000000e+00 0.000000000000000000e+00 2.396313665897282341e+00
1.429562363238512102e-01 0.000000000000000000e+00 0.000000000000000000e+00 2.397307068347763970e+00
1.431564551422319365e-01 0.000000000000000000e+00 0.000000000000000000e+00 2.398295097610810611e+00
1.433566739606126905e-01 0.000000000000000000e+00 0.000000000000000000e+00 2.399277778667361360e+00
1.435568927789934446e-01 0.000000000000000000e+00 0.000000000000000000e+00 2.400255136234448194e+00
1.437571115973741709e-01 0.000000000000000000e+00 0.000000000000000000e+00 2.401227194767676654e+00
1.439573304157549249e-01 0.000000000000000000e+00 0.000000000000000000e+00 2.402193978463679436e+00
1.441575492341356513e-01 0.000000000000000000e+00 0.000000000000000000e+00 2.403155511262477617e+00
1.443577680525164053e-01 0.000000000000000000e+00 0.000000000000000000e+00 2.404111816850037275e+00
1.445579868708971594e-01 0.000000000000000000e+00 0.000000000000000000e+00 2.405062918660774596e+00
1.447582056892778857e-01 0.000000000000000000e+00 0.000000000000000000e+00 2.406008839880980243e+00
1.449584245076586397e-01 0.000000000000000000e+00 0.000000000000000000e+00 2.406949603456505216e+00
1.451586433260393938e-01 0.000000000000000000e+00 0.000000000000000000e+00 2.407885232174223233e+00
1.453588621444201201e-01 0.000000000000000000e+00 0.000000000000000000e+00 2.408815748573481130e+00
1.455590809628008742e-01 0.000000000000000000e+00 0.000000000000000000e+00 2.409741174869393987e+00
1.457592997811816282e-01 0.000000000000000000e+00 0.000000000000000000e+00 2.410661533026102976e+00
1.459595185995623545e-01 0.000000000000000000e+00 0.000000000000000000e+00 2.411576844770117578e+00
1.461597374179431086e-01 0.000000000000000000e+00 0.000000000000000000e+00 2.412487131592305989e+00
1.463599562363238349e-01 0.000000000000000000e+00 0.000000000000000000e+00 2.413392414749976123e+00
1.465601750547045889e-01 0.000000000000000000e+00 0.000000000000000000e+00 2.414292715268669731e+00
1.467603938730853430e-01 0.000000000000000000e+00 0.000000000000000000e+00 2.415188053943960966e+00
1.469606126914660693e-01 0.000000000000000000e+00 0.000000000000000000e+00 2.416078451343222078e+00
1.471608315098468234e-01 0.000000000000000000e+00 0.000000000000000000e+00 2.416963927807404655e+00
1.473610503282275774e-01 0.000000000000000000e+00 0.000000000000000000e+00 2.417844503452697413e+00
1.475612691466083037e-01 0.000000000000000000e+00 0.000000000000000000e+00 2.418720198172167546e+00
1.477614879649890578e-01 0.000000000000000000e+00 0.000000000000000000e+00 2.419591031637451373e+00
1.479617067833698119e-01 0.000000000000000000e+00 0.000000000000000000e+00 2.420457023300217170e+00
1.481619256017505382e-01 0.000000000000000000e+00 0.000000000000000000e+00 2.421318192393836277e+00
1.483621444201312922e-01 0.000000000000000000e+00 0.000000000000000000e+00 2.422174557934785089e+00
1.485623632385120185e-01 0.000000000000000000e+00 0.000000000000000000e+00 2.423026138724146072e+00
1.487625820568927726e-01 0.000000000000000000e+00 0.000000000000000000e+00 2.423872953349095916e+00
1.489628008752735266e-01 0.000000000000000000e+00 0.000000000000000000e+00 2.424715020184173841e+00
1.491630196936542530e-01 0.000000000000000000e+00 0.000000000000000000e+00 2.425552357392758207e+00
1.493632385120350070e-01 0.000000000000000000e+00 0.000000000000000000e+00 2.426384982928309508e+00
1.495634573304157611e-01 0.000000000000000000e+00 0.000000000000000000e+00 2.427212914535700428e+00
1.497636761487964874e-01 0.000000000000000000e+00 0.000000000000000000e+00 2.428036169752423756e+00
1.499638949671772414e-01 0.000000000000000000e+00 0.000000000000000000e+00 2.428854765909842506e+00
1.501641137855579955e-01 0.000000000000000000e+00 0.000000000000000000e+00 2.429668720134367632e+00
1.503643326039387218e-01 0.000000000000000000e+00 0.000000000000000000e+00 2.430478049348619773e+00
1.505645514223194759e-01 0.000000000000000000e+00 0.000000000000000000e+00 2.431282770272533256e+00
1.507647702407002022e-01 0.000000000000000000e+00 0.000000000000000000e+00 2.432082899424599542e+00
1.509649890590809562e-01 0.000000000000000000e+00 0.000000000000000000e+00 2.432878453123075158e+00
1.511652078774617103e-01 0.000000000000000000e+00 0.000000000000000000e+00 2.433669447487797122e+00
1.513654266958424366e-01 0.000000000000000000e+00 0.000000000000000000e+00 2.434455898444062516e+00
1.515656455142231906e-01 0.000000000000000000e+00 0.000000000000000000e+00 2.435237821785826373e+00
1.517658643326039447e-01 0.000000000000000000e+00 0.000000000000000000e+00 2.436015233125295332e+00
1.519660831509846710e-01 0.000000000000000000e+00 0.000000000000000000e+00 2.436788147802523063e+00
1.521663019693654251e-01 0.000000000000000000e+00 0.000000000000000000e+00 2.437556580948924356e+00
1.523665207877461791e-01 0.000000000000000000e+00 0.000000000000000000e+00 2.438320547500923308e+00
1.525667396061269054e-01 0.000000000000000000e+00 0.000000000000000000e+00 2.439080062201070209e+00
1.527669584245076595e-01 0.000000000000000000e+00 0.000000000000000000e+00 2.439835139598694358e+00
1.529671772428883858e-01 0.000000000000000000e+00 0.000000000000000000e+00 2.440585794050545765e+00
1.531673960612691399e-01 0.000000000000000000e+00 0.000000000000000000e+00 2.441332039721429314e+00
1.533676148796498939e-01 0.000000000000000000e+00 0.000000000000000000e+00 2.442073890584735452e+00
1.535678336980306202e-01 0.000000000000000000e+00 0.000000000000000000e+00 2.442811360422999734e+00
1.537680525164113743e-01 0.000000000000000000e+00 0.000000000000000000e+00 2.443544462828316721e+00
1.539682713347921283e-01 0.000000000000000000e+00 0.000000000000000000e+00 2.444273211202888874e+00
1.541684901531728547e-01 0.000000000000000000e+00 0.000000000000000000e+00 2.444997618759354285e+00
1.543687089715536087e-01 0.000000000000000000e+00 0.000000000000000000e+00 2.445717698521138406e+00
1.545689277899343628e-01 0.000000000000000000e+00 0.000000000000000000e+00 2.446433463322811530e+00
1.547691466083150891e-01 0.000000000000000000e+00 0.000000000000000000e+00 2.447144925810370353e+00
1.549693654266958431e-01 0.000000000000000000e+00 0.000000000000000000e+00 2.447852098441424484e+00
1.551695842450765694e-01 0.000000000000000000e+00 0.000000000000000000e+00 2.448554993485439812e+00
1.553698030634573235e-01 0.000000000000000000e+00 0.000000000000000000e+00 2.449253623023818882e+00
1.555700218818380776e-01 0.000000000000000000e+00 0.000000000000000000e+00 2.449947998950090078e+00
1.557702407002188039e-01 0.000000000000000000e+00 0.000000000000000000e+00 2.450638132969854777e+00
1.559704595185995579e-01 0.000000000000000000e+00 0.000000000000000000e+00 2.451324036600883716e+00
1.561706783369803120e-01 0.000000000000000000e+00 0.000000000000000000e+00 2.452005721173058372e+00
1.563708971553610383e-01 0.000000000000000000e+00 0.000000000000000000e+00 2.452683197828238182e+00
1.565711159737417923e-01 0.000000000000000000e+00 0.000000000000000000e+00 2.453356477520209022e+00
1.567713347921225464e-01 0.000000000000000000e+00 0.000000000000000000e+00 2.454025571014445184e+00
1.569715536105032727e-01 0.000000000000000000e+00 0.000000000000000000e+00 2.454690488887908195e+00
1.571717724288840268e-01 0.000000000000000000e+00 0.000000000000000000e+00 2.455351241528833217e+00
1.573719912472647531e-01 0.000000000000000000e+00 0.000000000000000000e+00 2.456007839136451043e+00
1.575722100656455071e-01 0.000000000000000000e+00 0.000000000000000000e+00 2.456660291720865974e+00
1.577724288840262612e-01 0.000000000000000000e+00 0.000000000000000000e+00 2.457308609103554531e+00
1.579726477024069875e-01 0.000000000000000000e+00 0.000000000000000000e+00 2.457952800923998815e+00
1.581728665207877416e-01 0.000000000000000000e+00 0.000000000000000000e+00 2.458592876700811392e+00
1.583730853391684956e-01 0.000000000000000000e+00 0.000000000000000000e+00 2.459228845737545743e+00
1.585733041575492219e-01 0.000000000000000000e+00 0.000000000000000000e+00 2.459860717091528759e+00
1.587735229759299760e-01 0.000000000000000000e+00 0.000000000000000000e+00 2.460488499621399150e+00
1.589737417943107300e-01 0.000000000000000000e+00 0.000000000000000000e+00 2.461112201991483950e+00
1.591739606126914564e-01 0.000000000000000000e+00 0.000000000000000000e+00 2.461731832671159026e+00
1.593741794310722104e-01 0.000000000000000000e+00 0.000000000000000000e+00 2.462347399933750847e+00
1.595743982494529367e-01 0.000000000000000000e+00 0.000000000000000000e+00 2.462958911855568811e+00
1.597746170678336908e-01 0.000000000000000000e+00 0.000000000000000000e+00 2.463566376314767936e+00
1.599748358862144448e-01 0.000000000000000000e+00 0.000000000000000000e+00 2.464169800990158254e+00
1.601750547045951711e-01 0.000000000000000000e+00 0.000000000000000000e+00 2.464769193359948929e+00
1.603752735229759252e-01 0.000000000000000000e+00 0.000000000000000000e+00 2.465364560700361363e+00
1.605754923413566793e-01 0.000000000000000000e+00 0.000000000000000000e+00 2.465955910084262737e+00
1.607757111597374056e-01 0.000000000000000000e+00 0.000000000000000000e+00 2.466543248379557074e+00
1.609759299781181596e-01 0.000000000000000000e+00 0.000000000000000000e+00 2.467126582247607836e+00
1.611761487964989137e-01 0.000000000000000000e+00 0.000000000000000000e+00 2.467705918141587684e+00
1.613763676148796400e-01 0.000000000000000000e+00 0.000000000000000000e+00 2.468281262304595991e+00
1.615765864332603940e-01 0.000000000000000000e+00 0.000000000000000000e+00 2.468852620767792772e+00
1.617768052516411204e-01 0.000000000000000000e+00 0.000000000000000000e+00 2.469419999348390071e+00
1.619770240700218744e-01 0.000000000000000000e+00 0.000000000000000000e+00 2.469983403647564746e+00
1.621772428884026285e-01 0.000000000000000000e+00 0.000000000000000000e+00 2.470542839048201156e+00
1.623774617067833548e-01 0.000000000000000000e+00 0.000000000000000000e+00 2.471098310712541490e+00
1.625776805251641088e-01 0.000000000000000000e+00 0.000000000000000000e+00 2.471649823579799676e+00
1.627778993435448629e-01 0.000000000000000000e+00 0.000000000000000000e+00 2.472197382363507945e+00
1.629781181619255892e-01 0.000000000000000000e+00 0.000000000000000000e+00 2.472740991548808775e+00
1.631783369803063433e-01 0.000000000000000000e+00 0.000000000000000000e+00 2.473280655389661575e+00
1.633785557986870973e-01 0.000000000000000000e+00 0.000000000000000000e+00 2.473816377905793562e+00
1.635787746170678236e-01 0.000000000000000000e+00 0.000000000000000000e+00 2.474348162879675961e+00
1.637789934354485777e-01 0.000000000000000000e+00 0.000000000000000000e+00 2.474876013853133383e+00
1.639792122538293040e-01 0.000000000000000000e+00 0.000000000000000000e+00 2.475399934124047796e+00
1.641794310722100581e-01 0.000000000000000000e+00 0.000000000000000000e+00 2.475919926742833788e+00
1.643796498905908121e-01 0.000000000000000000e+00 0.000000000000000000e+00 2.476435994509069261e+00
1.645798687089715384e-01 0.000000000000000000e+00 0.000000000000000000e+00 2.476948139968695450e+00
1.647800875273522925e-01 0.000000000000000000e+00 0.000000000000000000e+00 2.477456365445177333e+00
1.649803063457330465e-01 0.000000000000000000e+00 0.000000000000000000e+00 2.477960673034085293e+00
1.651805251641137728e-01 0.000000000000000000e+00 0.000000000000000000e+00 2.478461064501994660e+00
1.653807439824945269e-01 0.000000000000000000e+00 0.000000000000000000e+00 2.478957541325359948e+00
1.655809628008752810e-01 0.000000000000000000e+00 0.000000000000000000e+00 2.479450104701514945e+00
1.657811816192560073e-01 0.000000000000000000e+00 0.000000000000000000e+00 2.479938755543924067e+00
1.659814004376367613e-01 0.000000000000000000e+00 0.000000000000000000e+00 2.480423494476676982e+00
1.661816192560174876e-01 0.000000000000000000e+00 0.000000000000000000e+00 2.480904321828693249e+00
1.663818380743982417e-01 0.000000000000000000e+00 0.000000000000000000e+00 2.481381237627566794e+00
1.665820568927789957e-01 0.000000000000000000e+00 0.000000000000000000e+00 2.481854241593245636e+00
1.667822757111597221e-01 0.000000000000000000e+00 0.000000000000000000e+00 2.482323333131172038e+00
1.669824945295404761e-01 0.000000000000000000e+00 0.000000000000000000e+00 2.482788511325420888e+00
1.671827133479212302e-01 0.000000000000000000e+00 0.000000000000000000e+00 2.483249774931143516e+00
1.673829321663019565e-01 0.000000000000000000e+00 0.000000000000000000e+00 2.483707122366860531e+00
1.675831509846827105e-01 0.000000000000000000e+00 0.000000000000000000e+00 2.484160551706285691e+00
1.677833698030634646e-01 0.000000000000000000e+00 0.000000000000000000e+00 2.484610060669755871e+00
1.679835886214441909e-01 0.000000000000000000e+00 0.000000000000000000e+00 2.485055646615169866e+00
1.681838074398249450e-01 0.000000000000000000e+00 0.000000000000000000e+00 2.485497306528520411e+00
1.683840262582056713e-01 0.000000000000000000e+00 0.000000000000000000e+00 2.485935037013948357e+00
1.685842450765864253e-01 0.000000000000000000e+00 0.000000000000000000e+00 2.486368834283147145e+00
1.687844638949671794e-01 0.000000000000000000e+00 0.000000000000000000e+00 2.486798694144385813e+00
1.689846827133479057e-01 0.000000000000000000e+00 0.000000000000000000e+00 2.487224611990793921e+00
1.691849015317286598e-01 0.000000000000000000e+00 0.000000000000000000e+00 2.487646582788058502e+00
1.693851203501094138e-01 0.000000000000000000e+00 0.000000000000000000e+00 2.488064601061493519e+00
1.695853391684901401e-01 0.000000000000000000e+00 0.000000000000000000e+00 2.488478660882383675e+00
1.697855579868708942e-01 0.000000000000000000e+00 0.000000000000000000e+00 2.488888755853410295e+00
1.699857768052516482e-01 0.000000000000000000e+00 0.000000000000000000e+00 2.489294879093575830e+00
1.701859956236323745e-01 0.000000000000000000e+00 0.000000000000000000e+00 2.489697023221885352e+00
1.703862144420131286e-01 0.000000000000000000e+00 0.000000000000000000e+00 2.490095180340391234e+00
1.705864332603938549e-01 0.000000000000000000e+00 0.000000000000000000e+00 2.490489342016097396e+00
1.707866520787746090e-01 0.000000000000000000e+00 0.000000000000000000e+00 2.490879499261791974e+00
1.709868708971553630e-01 0.000000000000000000e+00 0.000000000000000000e+00 2.491265642515921641e+00
1.711870897155360893e-01 0.000000000000000000e+00 0.000000000000000000e+00 2.491647761621166968e+00
1.713873085339168434e-01 0.000000000000000000e+00 0.000000000000000000e+00 2.492025845802583905e+00
1.715875273522975974e-01 0.000000000000000000e+00 0.000000000000000000e+00 2.492399883664976112e+00
1.717877461706783238e-01 0.000000000000000000e+00 0.000000000000000000e+00 2.492769863189314705e+00
1.719879649890590778e-01 0.000000000000000000e+00 0.000000000000000000e+00 2.493135771609593210e+00
1.721881838074398319e-01 0.000000000000000000e+00 0.000000000000000000e+00 2.493497595412285328e+00
1.723884026258205582e-01 0.000000000000000000e+00 0.000000000000000000e+00 2.493855320324954938e+00
1.725886214442013122e-01 0.000000000000000000e+00 0.000000000000000000e+00 2.494208931283630637e+00
1.727888402625820385e-01 0.000000000000000000e+00 0.000000000000000000e+00 2.494558412396957081e+00
1.729890590809627926e-01 0.000000000000000000e+00 0.000000000000000000e+00 2.494903746907584985e+00
1.731892778993435467e-01 0.000000000000000000e+00 0.000000000000000000e+00 2.495244917150991171e+00
1.733894967177242730e-01 0.000000000000000000e+00 0.000000000000000000e+00 2.495581904511154026e+00
1.735897155361050270e-01 0.000000000000000000e+00 0.000000000000000000e+00 2.495914689372856099e+00
1.737899343544857811e-01 0.000000000000000000e+00 0.000000000000000000e+00 2.496243251070460190e+00
1.739901531728665074e-01 0.000000000000000000e+00 0.000000000000000000e+00 2.496567567832526979e+00
1.741903719912472615e-01 0.000000000000000000e+00 0.000000000000000000e+00 2.496887616722096137e+00
1.743905908096280155e-01 0.000000000000000000e+00 0.000000000000000000e+00 2.497203373572084217e+00
1.745908096280087418e-01 0.000000000000000000e+00 0.000000000000000000e+00 2.497514812915224702e+00
1.747910284463894959e-01 0.000000000000000000e+00 0.000000000000000000e+00 2.497821907908107431e+00
1.749912472647702222e-01 0.000000000000000000e+00 0.000000000000000000e+00 2.498124630248453659e+00
1.751914660831509762e-01 0.000000000000000000e+00 0.000000000000000000e+00 2.498422950085137817e+00
1.753916849015317303e-01 0.000000000000000000e+00 0.000000000000000000e+00 2.498716835919766677e+00
1.755919037199124566e-01 0.000000000000000000e+00 0.000000000000000000e+00 2.499006254499128943e+00
1.757921225382932107e-01 0.000000000000000000e+00 0.000000000000000000e+00 2.499291170697141240e+00
1.759923413566739647e-01 0.000000000000000000e+00 0.000000000000000000e+00 2.499571547385141645e+00
1.761925601750546910e-01 0.000000000000000000e+00 0.000000000000000000e+00 2.499847345288874312e+00
1.763927789934354451e-01 0.000000000000000000e+00 0.000000000000000000e+00 2.500118522830416357e+00
1.765929978118161991e-01 0.000000000000000000e+00 0.000000000000000000e+00 2.500385035953101021e+00
1.767932166301969255e-01 0.000000000000000000e+00 0.000000000000000000e+00 2.500646837926785881e+00
1.769934354485776795e-01 0.000000000000000000e+00 0.000000000000000000e+00 2.500903879130646157e+00
1.771936542669584058e-01 0.000000000000000000e+00 0.000000000000000000e+00 2.501156106810327184e+00
1.773938730853391599e-01 0.000000000000000000e+00 0.000000000000000000e+00 2.501403464804946353e+00
1.775940919037199139e-01 0.000000000000000000e+00 0.000000000000000000e+00 2.501645893239418328e+00
1.777943107221006402e-01 0.000000000000000000e+00 0.000000000000000000e+00 2.501883328176178978e+00
1.779945295404813943e-01 0.000000000000000000e+00 0.000000000000000000e+00 2.502115701218908583e+00
1.781947483588621484e-01 0.000000000000000000e+00 0.000000000000000000e+00 2.502342939060069327e+00
1.783949671772428747e-01 0.000000000000000000e+00 0.000000000000000000e+00 2.502564962961466577e+00
1.785951859956236287e-01 0.000000000000000000e+00 0.000000000000000000e+00 2.502781688175123698e+00
1.787954048140043828e-01 0.000000000000000000e+00 0.000000000000000000e+00 2.502993023259425964e+00
1.789956236323851091e-01 0.000000000000000000e+00 0.000000000000000000e+00 2.503198869177906349e+00
1.791958424507658632e-01 0.000000000000000000e+00 0.000000000000000000e+00 2.503399118364815656e+00
1.793960612691465895e-01 0.000000000000000000e+00 0.000000000000000000e+00 2.503593653596488444e+00
1.795962800875273435e-01 0.000000000000000000e+00 0.000000000000000000e+00 2.503782346619582544e+00
1.797964989059080976e-01 0.000000000000000000e+00 0.000000000000000000e+00 2.503965056489543706e+00
1.799967177242888239e-01 0.000000000000000000e+00 0.000000000000000000e+00 2.504141627536946579e+00
1.801969365426695779e-01 0.000000000000000000e+00 0.000000000000000000e+00 2.504311886847372381e+00
1.803971553610503320e-01 0.000000000000000000e+00 0.000000000000000000e+00 2.504475641094725091e+00
1.805973741794310583e-01 0.000000000000000000e+00 0.000000000000000000e+00 2.504632672498414259e+00
1.807975929978118124e-01 0.000000000000000000e+00 0.000000000000000000e+00 2.504782733566079944e+00
1.809978118161925664e-01 0.000000000000000000e+00 0.000000000000000000e+00 2.504925540110251703e+00
1.811980306345732927e-01 0.000000000000000000e+00 0.000000000000000000e+00 2.505060761734762664e+00
1.813982494529540468e-01 0.000000000000000000e+00 0.000000000000000000e+00 2.505188008477907236e+00
1.815984682713348008e-01 0.000000000000000000e+00 0.000000000000000000e+00 2.505306811354838459e+00
1.817986870897155272e-01 0.000000000000000000e+00 0.000000000000000000e+00 2.505416592676247944e+00
1.819989059080962812e-01 0.000000000000000000e+00 0.000000000000000000e+00 2.505516618001025986e+00
1.821991247264770075e-01 0.000000000000000000e+00 0.000000000000000000e+00 2.505605911905989469e+00
1.823993435448577616e-01 0.000000000000000000e+00 0.000000000000000000e+00 2.505683092606629359e+00
1.825995623632385156e-01 0.000000000000000000e+00 0.000000000000000000e+00 2.505745984555293848e+00
1.827997811816192419e-01 0.000000000000000000e+00 0.000000000000000000e+00 2.505790359020077407e+00
1.829999999999999960e-01 0.000000000000000000e+00 0.000000000000000000e+00 2.505790359020076963e+00
