#j        y/delta             y+         u_mean         v_mean         w_mean   omega_x_mean   omega_y_mean   omega_z_mean         p_mean
  1   0.000000E+00   0.000000E+00  -0.521563E-13   0.117551E-33   0.136084E-16   0.420408E-03  -0.195462E-34  -0.100000E+01   0.203350E-09
  2   0.334661E-04   0.215033E-01   0.215029E-01   0.139269E-24   0.904016E-05   0.420408E-03  -0.242716E-23  -0.999967E+00  -0.108664E-09
  3   0.133862E-03   0.860117E-01   0.860060E-01  -0.190585E-23   0.361601E-04   0.420408E-03   0.980487E-23  -0.999866E+00  -0.824196E-08
  4   0.301181E-03   0.193521E+00   0.193492E+00  -0.708025E-24   0.813575E-04   0.420398E-03  -0.457014E-22  -0.999692E+00  -0.200208E-06
  5   0.535413E-03   0.344024E+00   0.343928E+00  -0.652877E-22   0.144626E-03   0.420359E-03   0.129427E-21  -0.999424E+00  -0.191142E-05
  6   0.836540E-03   0.537510E+00   0.537265E+00  -0.187757E-22   0.225950E-03   0.420242E-03  -0.114699E-21  -0.999004E+00  -0.107393E-04
  7   0.120454E-02   0.773968E+00   0.773409E+00  -0.265952E-21   0.325286E-03   0.419925E-03   0.927668E-22  -0.998310E+00  -0.429856E-04
  8   0.163940E-02   0.105338E+01   0.105219E+01  -0.199101E-21   0.442530E-03   0.419226E-03  -0.335948E-21  -0.997115E+00  -0.135696E-03
  9   0.214108E-02   0.137573E+01   0.137330E+01  -0.130668E-20   0.577465E-03   0.417870E-03  -0.210661E-21  -0.995044E+00  -0.359053E-03
 10   0.270954E-02   0.174099E+01   0.173615E+01   0.476867E-21   0.729687E-03   0.415456E-03  -0.145059E-21  -0.991534E+00  -0.828493E-03
 11   0.334476E-02   0.214914E+01   0.213975E+01   0.101851E-20   0.898504E-03   0.411556E-03  -0.351297E-21  -0.985812E+00  -0.171330E-02
 12   0.404669E-02   0.260016E+01   0.258247E+01  -0.846264E-21   0.108287E-02   0.405762E-03  -0.831229E-21  -0.976918E+00  -0.323887E-02
 13   0.481527E-02   0.309401E+01   0.306183E+01   0.294867E-20   0.128134E-02   0.397735E-03  -0.592745E-21  -0.963783E+00  -0.568130E-02
 14   0.565047E-02   0.363065E+01   0.357429E+01   0.105549E-19   0.149208E-02   0.387385E-03  -0.559719E-21  -0.945361E+00  -0.935496E-02
 15   0.655222E-02   0.421006E+01   0.411515E+01  -0.167429E-20   0.171296E-02   0.374877E-03   0.288486E-22  -0.920807E+00  -0.145950E-01
 16   0.752047E-02   0.483220E+01   0.467856E+01  -0.803601E-20   0.194175E-02   0.360506E-03   0.786977E-21  -0.889640E+00  -0.217380E-01
 17   0.855514E-02   0.549702E+01   0.525767E+01  -0.642305E-20   0.217618E-02   0.344696E-03   0.544052E-21  -0.851869E+00  -0.311035E-01
 18   0.965617E-02   0.620448E+01   0.584501E+01  -0.327456E-20   0.241406E-02   0.327819E-03  -0.219393E-20  -0.808036E+00  -0.429781E-01
 19   0.108235E-01   0.695452E+01   0.643285E+01   0.376035E-21   0.265326E-02   0.310021E-03   0.154212E-20  -0.759164E+00  -0.576032E-01
 20   0.120570E-01   0.774711E+01   0.701374E+01   0.314751E-19   0.289157E-02   0.291339E-03   0.212331E-20  -0.706633E+00  -0.751644E-01
 21   0.133567E-01   0.858219E+01   0.758092E+01   0.266089E-20   0.312665E-02   0.271634E-03   0.116382E-20  -0.652010E+00  -0.957836E-01
 22   0.147224E-01   0.945970E+01   0.812866E+01   0.475389E-20   0.335577E-02   0.250476E-03   0.161492E-20  -0.596870E+00  -0.119512E+00
 23   0.161540E-01   0.103796E+02   0.865246E+01   0.249509E-19   0.357565E-02   0.227397E-03   0.125247E-20  -0.542647E+00  -0.146324E+00
 24   0.176515E-01   0.113418E+02   0.914913E+01   0.206669E-20   0.378235E-02   0.202033E-03   0.494611E-20  -0.490525E+00  -0.176116E+00
 25   0.192147E-01   0.123462E+02   0.961670E+01  -0.146554E-19   0.397141E-02   0.174215E-03  -0.274266E-20  -0.441393E+00  -0.208705E+00
 26   0.208436E-01   0.133928E+02   0.100543E+02  -0.580780E-19   0.413816E-02   0.144345E-03  -0.118049E-20  -0.395834E+00  -0.243836E+00
 27   0.225380E-01   0.144816E+02   0.104621E+02  -0.206873E-19   0.427833E-02   0.113197E-03   0.652212E-21  -0.354163E+00  -0.281190E+00
 28   0.242979E-01   0.156124E+02   0.108408E+02  -0.291489E-19   0.438826E-02   0.813391E-04  -0.296766E-21  -0.316467E+00  -0.320399E+00
 29   0.261230E-01   0.167851E+02   0.111916E+02  -0.151919E-19   0.446463E-02   0.490244E-04  -0.725752E-21  -0.282668E+00  -0.361060E+00
 30   0.280134E-01   0.179997E+02   0.115162E+02  -0.151821E-19   0.450409E-02   0.159397E-04   0.425960E-21  -0.252570E+00  -0.402753E+00
 31   0.299687E-01   0.192561E+02   0.118163E+02   0.217708E-19   0.450234E-02  -0.189076E-04   0.404032E-20  -0.225905E+00  -0.445052E+00
 32   0.319891E-01   0.205543E+02   0.120939E+02  -0.433435E-20   0.445371E-02  -0.562512E-04  -0.227124E-21  -0.202369E+00  -0.487545E+00
 33   0.340742E-01   0.218940E+02   0.123508E+02  -0.173489E-18   0.435190E-02  -0.958238E-04  -0.261270E-20  -0.181647E+00  -0.529844E+00
 34   0.362239E-01   0.232753E+02   0.125888E+02   0.547399E-19   0.419132E-02  -0.136548E-03   0.107272E-19  -0.163430E+00  -0.571594E+00
 35   0.384382E-01   0.246981E+02   0.128096E+02   0.196635E-19   0.396812E-02  -0.176770E-03  -0.598064E-20  -0.147431E+00  -0.612480E+00
 36   0.407168E-01   0.261622E+02   0.130149E+02  -0.218716E-19   0.368102E-02  -0.214742E-03   0.452176E-21  -0.133384E+00  -0.652227E+00
 37   0.430597E-01   0.276676E+02   0.132062E+02   0.856033E-19   0.333125E-02  -0.249087E-03  -0.360163E-20  -0.121052E+00  -0.690603E+00
 38   0.454665E-01   0.292141E+02   0.133848E+02   0.423862E-19   0.292242E-02  -0.278585E-03  -0.987124E-21  -0.110221E+00  -0.727415E+00
 39   0.479373E-01   0.308016E+02   0.135520E+02  -0.327888E-19   0.246044E-02  -0.302318E-03   0.863668E-20  -0.100702E+00  -0.762510E+00
 40   0.504718E-01   0.324302E+02   0.137090E+02  -0.455798E-19   0.195277E-02  -0.320094E-03   0.363090E-20  -0.923273E-01  -0.795772E+00
 41   0.530699E-01   0.340995E+02   0.138568E+02   0.145686E-18   0.140758E-02  -0.332120E-03  -0.698376E-21  -0.849506E-01  -0.827117E+00
 42   0.557313E-01   0.358096E+02   0.139964E+02   0.109621E-18   0.832924E-03  -0.339255E-03  -0.199821E-20  -0.784461E-01  -0.856497E+00
 43   0.584559E-01   0.375603E+02   0.141286E+02  -0.406569E-19   0.235056E-03  -0.343412E-03   0.934429E-20  -0.727052E-01  -0.883890E+00
 44   0.612436E-01   0.393515E+02   0.142542E+02   0.890507E-19  -0.382661E-03  -0.346111E-03   0.128340E-20  -0.676331E-01  -0.909303E+00
 45   0.640941E-01   0.411830E+02   0.143738E+02  -0.684476E-19  -0.101808E-02  -0.347505E-03  -0.432526E-20  -0.631470E-01  -0.932760E+00
 46   0.670072E-01   0.430548E+02   0.144882E+02   0.206311E-18  -0.166871E-02  -0.347438E-03  -0.583328E-20  -0.591743E-01  -0.954302E+00
 47   0.699828E-01   0.449667E+02   0.145979E+02  -0.808561E-19  -0.233166E-02  -0.345762E-03   0.186251E-20  -0.556499E-01  -0.973979E+00
 48   0.730206E-01   0.469187E+02   0.147034E+02   0.474730E-20  -0.300322E-02  -0.341946E-03   0.813351E-20  -0.525158E-01  -0.991852E+00
 49   0.761205E-01   0.489104E+02   0.148052E+02  -0.146888E-18  -0.367839E-02  -0.335595E-03   0.697907E-20  -0.497208E-01  -0.100799E+01
 50   0.792822E-01   0.509420E+02   0.149036E+02  -0.764940E-19  -0.435157E-02  -0.326804E-03   0.701206E-20  -0.472190E-01  -0.102246E+01
 51   0.825055E-01   0.530131E+02   0.149990E+02   0.430462E-18  -0.501778E-02  -0.316428E-03   0.147877E-20  -0.449683E-01  -0.103535E+01
 52   0.857902E-01   0.551237E+02   0.150917E+02   0.129043E-18  -0.567459E-02  -0.306137E-03   0.245108E-20  -0.429330E-01  -0.104674E+01
 53   0.891362E-01   0.572736E+02   0.151820E+02   0.703525E-19  -0.632248E-02  -0.296718E-03   0.818153E-20  -0.410854E-01  -0.105672E+01
 54   0.925431E-01   0.594626E+02   0.152701E+02  -0.257564E-18  -0.696169E-02  -0.287162E-03  -0.118164E-19  -0.394023E-01  -0.106540E+01
 55   0.960107E-01   0.616907E+02   0.153561E+02   0.797297E-20  -0.758970E-02  -0.276322E-03  -0.429985E-20  -0.378628E-01  -0.107285E+01
 56   0.995388E-01   0.639577E+02   0.154403E+02   0.173748E-18  -0.820220E-02  -0.263800E-03  -0.176347E-20  -0.364483E-01  -0.107918E+01
 57   0.103127E+00   0.662634E+02   0.155228E+02   0.258216E-18  -0.879451E-02  -0.249855E-03  -0.559110E-20  -0.351440E-01  -0.108446E+01
 58   0.106776E+00   0.686077E+02   0.156038E+02  -0.299616E-18  -0.936337E-02  -0.235508E-03  -0.194235E-20  -0.339380E-01  -0.108880E+01
 59   0.110484E+00   0.709903E+02   0.156833E+02  -0.240139E-18  -0.990690E-02  -0.220438E-03   0.341949E-20  -0.328202E-01  -0.109226E+01
 60   0.114252E+00   0.734113E+02   0.157615E+02  -0.105015E-18  -0.104188E-01  -0.201582E-03  -0.948412E-20  -0.317799E-01  -0.109494E+01
 61   0.118079E+00   0.758703E+02   0.158384E+02   0.147869E-18  -0.108851E-01  -0.176774E-03  -0.297269E-20  -0.308069E-01  -0.109690E+01
 62   0.121965E+00   0.783673E+02   0.159142E+02   0.710207E-19  -0.112905E-01  -0.147496E-03   0.423726E-20  -0.298945E-01  -0.109821E+01
 63   0.125910E+00   0.809020E+02   0.159889E+02  -0.397511E-18  -0.116250E-01  -0.116446E-03  -0.540324E-21  -0.290394E-01  -0.109892E+01
 64   0.129913E+00   0.834743E+02   0.160625E+02   0.929613E-19  -0.118846E-01  -0.856528E-04  -0.464470E-20  -0.282386E-01  -0.109908E+01
 65   0.133975E+00   0.860840E+02   0.161352E+02   0.301199E-18  -0.120702E-01  -0.572124E-04   0.237018E-20  -0.274877E-01  -0.109876E+01
 66   0.138094E+00   0.887310E+02   0.162070E+02  -0.262661E-18  -0.121886E-01  -0.331319E-04   0.439337E-21  -0.267818E-01  -0.109797E+01
 67   0.142271E+00   0.914151E+02   0.162780E+02   0.135696E-18  -0.122507E-01  -0.139183E-04  -0.114377E-19  -0.261162E-01  -0.109676E+01
 68   0.146506E+00   0.941360E+02   0.163482E+02   0.662141E-18  -0.122660E-01   0.235059E-05  -0.273445E-20  -0.254863E-01  -0.109517E+01
 69   0.150798E+00   0.968936E+02   0.164176E+02   0.661116E-18  -0.122373E-01   0.186271E-04   0.534131E-20  -0.248886E-01  -0.109322E+01
 70   0.155146E+00   0.996878E+02   0.164864E+02   0.160321E-18  -0.121615E-01   0.356338E-04  -0.415473E-20  -0.243212E-01  -0.109094E+01
 71   0.159552E+00   0.102518E+03   0.165545E+02  -0.965870E-19  -0.120376E-01   0.515053E-04   0.231978E-20  -0.237826E-01  -0.108838E+01
 72   0.164013E+00   0.105385E+03   0.166219E+02   0.222744E-18  -0.118705E-01   0.644705E-04   0.851643E-20  -0.232705E-01  -0.108556E+01
 73   0.168530E+00   0.108288E+03   0.166887E+02  -0.272665E-18  -0.116690E-01   0.736760E-04  -0.550142E-21  -0.227817E-01  -0.108250E+01
 74   0.173103E+00   0.111226E+03   0.167550E+02  -0.196582E-18  -0.114435E-01   0.793590E-04  -0.494441E-20  -0.223136E-01  -0.107923E+01
 75   0.177732E+00   0.114200E+03   0.168207E+02  -0.572688E-19  -0.112006E-01   0.841181E-04   0.166365E-20  -0.218642E-01  -0.107577E+01
 76   0.182415E+00   0.117209E+03   0.168858E+02   0.246652E-18  -0.109377E-01   0.911191E-04  -0.455822E-20  -0.214318E-01  -0.107214E+01
 77   0.187153E+00   0.120253E+03   0.169504E+02  -0.117510E-18  -0.106463E-01   0.100554E-03  -0.168132E-21  -0.210139E-01  -0.106835E+01
 78   0.191946E+00   0.123333E+03   0.170145E+02   0.550394E-18  -0.103217E-01   0.110020E-03   0.548063E-20  -0.206080E-01  -0.106440E+01
 79   0.196792E+00   0.126447E+03   0.170780E+02   0.271248E-18  -0.996722E-02   0.117036E-03  -0.219523E-20  -0.202127E-01  -0.106029E+01
 80   0.201693E+00   0.129596E+03   0.171411E+02   0.114965E-18  -0.959265E-02   0.120209E-03   0.422490E-20  -0.198287E-01  -0.105603E+01
 81   0.206647E+00   0.132779E+03   0.172036E+02  -0.740659E-19  -0.920977E-02   0.119921E-03   0.239036E-21  -0.194578E-01  -0.105162E+01
 82   0.211654E+00   0.135996E+03   0.172656E+02   0.406924E-18  -0.882692E-02   0.117962E-03   0.558734E-21  -0.190997E-01  -0.104707E+01
 83   0.216713E+00   0.139247E+03   0.173271E+02   0.450441E-19  -0.844731E-02   0.115483E-03  -0.485880E-20  -0.187548E-01  -0.104239E+01
 84   0.221825E+00   0.142532E+03   0.173882E+02  -0.226435E-19  -0.807336E-02   0.111943E-03  -0.216695E-20  -0.184250E-01  -0.103761E+01
 85   0.226990E+00   0.145850E+03   0.174488E+02   0.763687E-18  -0.771027E-02   0.106642E-03  -0.488276E-20  -0.181111E-01  -0.103273E+01
 86   0.232205E+00   0.149201E+03   0.175090E+02   0.523473E-18  -0.736312E-02   0.100572E-03   0.892424E-21  -0.178104E-01  -0.102777E+01
 87   0.237473E+00   0.152586E+03   0.175688E+02   0.239268E-18  -0.703170E-02   0.955567E-04   0.567270E-20  -0.175191E-01  -0.102275E+01
 88   0.242791E+00   0.156003E+03   0.176282E+02  -0.527542E-18  -0.671150E-02   0.920694E-04  -0.704845E-20  -0.172358E-01  -0.101767E+01
 89   0.248160E+00   0.159453E+03   0.176871E+02   0.524787E-18  -0.639802E-02   0.899327E-04  -0.467622E-20  -0.169596E-01  -0.101254E+01
 90   0.253580E+00   0.162935E+03   0.177457E+02  -0.225403E-18  -0.608585E-02   0.897058E-04   0.197620E-20  -0.166895E-01  -0.100735E+01
 91   0.259049E+00   0.166449E+03   0.178039E+02   0.252854E-18  -0.576874E-02   0.908246E-04   0.321262E-20  -0.164251E-01  -0.100211E+01
 92   0.264568E+00   0.169995E+03   0.178617E+02  -0.352617E-19  -0.544530E-02   0.914243E-04   0.948269E-21  -0.161674E-01  -0.996787E+00
 93   0.270136E+00   0.173573E+03   0.179191E+02  -0.886521E-18  -0.511790E-02   0.916931E-04   0.198787E-20  -0.159173E-01  -0.991384E+00
 94   0.275753E+00   0.177182E+03   0.179761E+02  -0.588047E-18  -0.478489E-02   0.930119E-04  -0.813423E-20  -0.156750E-01  -0.985886E+00
 95   0.281418E+00   0.180823E+03   0.180327E+02  -0.354798E-18  -0.444376E-02   0.941510E-04  -0.213662E-20  -0.154409E-01  -0.980283E+00
 96   0.287132E+00   0.184494E+03   0.180890E+02  -0.838439E-18  -0.409921E-02   0.932038E-04   0.513664E-20  -0.152163E-01  -0.974564E+00
 97   0.292893E+00   0.188196E+03   0.181449E+02   0.662966E-18  -0.375783E-02   0.912940E-04  -0.560796E-20  -0.150018E-01  -0.968728E+00
 98   0.298702E+00   0.191928E+03   0.182005E+02  -0.143079E-18  -0.341910E-02   0.904532E-04   0.891132E-20  -0.147959E-01  -0.962773E+00
 99   0.304557E+00   0.195690E+03   0.182558E+02  -0.838216E-18  -0.307895E-02   0.903459E-04   0.106387E-19  -0.145951E-01  -0.956705E+00
100   0.310459E+00   0.199483E+03   0.183108E+02  -0.240901E-18  -0.273759E-02   0.894769E-04  -0.157313E-21  -0.143959E-01  -0.950528E+00
101   0.316408E+00   0.203305E+03   0.183654E+02  -0.170130E-18  -0.239922E-02   0.873979E-04  -0.111836E-19  -0.141979E-01  -0.944253E+00
102   0.322402E+00   0.207156E+03   0.184197E+02  -0.284613E-18  -0.206867E-02   0.839735E-04  -0.222808E-20  -0.140030E-01  -0.937886E+00
103   0.328441E+00   0.211036E+03   0.184737E+02  -0.319265E-18  -0.175312E-02   0.781800E-04   0.158594E-20  -0.138128E-01  -0.931437E+00
104   0.334525E+00   0.214946E+03   0.185273E+02  -0.510750E-18  -0.146337E-02   0.697114E-04  -0.783669E-21  -0.136279E-01  -0.924908E+00
105   0.340654E+00   0.218884E+03   0.185807E+02   0.287090E-18  -0.120783E-02   0.599831E-04  -0.378025E-20  -0.134479E-01  -0.918299E+00
106   0.346827E+00   0.222850E+03   0.186336E+02  -0.187768E-18  -0.990647E-03   0.492294E-04   0.297004E-20  -0.132721E-01  -0.911606E+00
107   0.353044E+00   0.226845E+03   0.186863E+02  -0.916877E-19  -0.820080E-03   0.355931E-04   0.238763E-20  -0.131013E-01  -0.904827E+00
108   0.359304E+00   0.230867E+03   0.187387E+02   0.342221E-18  -0.709461E-03   0.191884E-04   0.467760E-20  -0.129368E-01  -0.897965E+00
109   0.365607E+00   0.234917E+03   0.187907E+02  -0.852814E-18  -0.664865E-03   0.320488E-05   0.103236E-20  -0.127776E-01  -0.891020E+00
110   0.371952E+00   0.238994E+03   0.188425E+02  -0.382079E-18  -0.679742E-03  -0.996790E-05   0.385283E-20  -0.126222E-01  -0.883999E+00
111   0.378339E+00   0.243098E+03   0.188940E+02  -0.169178E-18  -0.742831E-03  -0.203780E-04   0.692715E-20  -0.124704E-01  -0.876905E+00
112   0.384768E+00   0.247229E+03   0.189452E+02   0.721380E-18  -0.845073E-03  -0.288284E-04  -0.784713E-21  -0.123218E-01  -0.869744E+00
113   0.391239E+00   0.251386E+03   0.189961E+02   0.229336E-18  -0.979305E-03  -0.353551E-04  -0.459006E-20  -0.121749E-01  -0.862521E+00
114   0.397749E+00   0.255570E+03   0.190468E+02  -0.253987E-18  -0.113605E-02  -0.390368E-04  -0.912551E-21  -0.120302E-01  -0.855240E+00
115   0.404301E+00   0.259779E+03   0.190971E+02  -0.777762E-19  -0.130315E-02  -0.400878E-04  -0.747889E-20  -0.118900E-01  -0.847905E+00
116   0.410892E+00   0.264014E+03   0.191472E+02   0.122166E-18  -0.147455E-02  -0.410745E-04  -0.464716E-20  -0.117552E-01  -0.840517E+00
117   0.417522E+00   0.268275E+03   0.191970E+02  -0.162472E-18  -0.165428E-02  -0.434419E-04  -0.726454E-20  -0.116246E-01  -0.833076E+00
118   0.424192E+00   0.272560E+03   0.192465E+02  -0.313363E-18  -0.184511E-02  -0.453063E-04   0.345422E-20  -0.114957E-01  -0.825576E+00
119   0.430900E+00   0.276870E+03   0.192958E+02   0.464241E-18  -0.204008E-02  -0.447014E-04  -0.899764E-20  -0.113655E-01  -0.818013E+00
120   0.437646E+00   0.281205E+03   0.193448E+02  -0.758521E-19  -0.222753E-02  -0.413103E-04   0.977113E-21  -0.112327E-01  -0.810385E+00
121   0.444430E+00   0.285564E+03   0.193934E+02  -0.217734E-18  -0.239445E-02  -0.346898E-04  -0.418033E-20  -0.110969E-01  -0.802693E+00
122   0.451251E+00   0.289947E+03   0.194418E+02  -0.909590E-18  -0.252560E-02  -0.246939E-04   0.121971E-20  -0.109573E-01  -0.794939E+00
123   0.458108E+00   0.294353E+03   0.194897E+02  -0.735473E-18  -0.260892E-02  -0.130940E-04  -0.563170E-20  -0.108149E-01  -0.787129E+00
124   0.465002E+00   0.298783E+03   0.195373E+02  -0.142145E-18  -0.264252E-02  -0.238182E-05  -0.165573E-20  -0.106726E-01  -0.779280E+00
125   0.471932E+00   0.303235E+03   0.195845E+02   0.724297E-18  -0.263293E-02   0.635679E-05   0.447459E-20  -0.105317E-01  -0.771412E+00
126   0.478897E+00   0.307711E+03   0.196314E+02   0.333739E-18  -0.258819E-02   0.133504E-04  -0.767472E-20  -0.103923E-01  -0.763545E+00
127   0.485897E+00   0.312208E+03   0.196778E+02   0.252012E-18  -0.251644E-02   0.179974E-04  -0.585339E-20  -0.102563E-01  -0.755692E+00
128   0.492932E+00   0.316728E+03   0.197238E+02  -0.208670E-18  -0.243288E-02   0.180063E-04  -0.515289E-20  -0.101258E-01  -0.747856E+00
129   0.500000E+00   0.321270E+03   0.197695E+02   0.125180E-18  -0.236255E-02   0.120279E-04  -0.301360E-20  -0.100006E-01  -0.740035E+00
130   0.507102E+00   0.325833E+03   0.198149E+02   0.116149E-17  -0.233008E-02   0.174073E-05   0.510221E-21  -0.987787E-02  -0.732223E+00
131   0.514237E+00   0.330418E+03   0.198599E+02  -0.562292E-18  -0.234903E-02  -0.100763E-04  -0.716662E-20  -0.975503E-02  -0.724413E+00
132   0.521404E+00   0.335023E+03   0.199045E+02   0.530071E-18  -0.242277E-02  -0.218820E-04  -0.178685E-21  -0.963225E-02  -0.716600E+00
133   0.528603E+00   0.339649E+03   0.199488E+02   0.135062E-18  -0.255050E-02  -0.332317E-04   0.129673E-19  -0.951074E-02  -0.708780E+00
134   0.535834E+00   0.344295E+03   0.199927E+02  -0.204207E-18  -0.272929E-02  -0.433870E-04  -0.280569E-20  -0.939047E-02  -0.700956E+00
135   0.543096E+00   0.348961E+03   0.200363E+02   0.116613E-17  -0.294938E-02  -0.501281E-04   0.526622E-20  -0.927082E-02  -0.693138E+00
136   0.550389E+00   0.353647E+03   0.200794E+02  -0.175450E-17  -0.318881E-02  -0.510005E-04   0.927029E-20  -0.915095E-02  -0.685335E+00
137   0.557711E+00   0.358352E+03   0.201222E+02  -0.389245E-18  -0.341938E-02  -0.462784E-04  -0.397641E-20  -0.902915E-02  -0.677558E+00
138   0.565064E+00   0.363076E+03   0.201646E+02  -0.729464E-18  -0.362072E-02  -0.387525E-04  -0.373542E-20  -0.890490E-02  -0.669815E+00
139   0.572445E+00   0.367819E+03   0.202065E+02   0.183698E-17  -0.378624E-02  -0.312754E-04  -0.917092E-22  -0.878014E-02  -0.662115E+00
140   0.579855E+00   0.372580E+03   0.202480E+02   0.175559E-18  -0.392207E-02  -0.264261E-04   0.207054E-20  -0.865671E-02  -0.654463E+00
141   0.587293E+00   0.377359E+03   0.202891E+02  -0.536035E-18  -0.404546E-02  -0.259540E-04  -0.270355E-20  -0.853546E-02  -0.646861E+00
142   0.594759E+00   0.382156E+03   0.203297E+02  -0.774980E-18  -0.417603E-02  -0.287883E-04  -0.923059E-22  -0.841734E-02  -0.639306E+00
143   0.602252E+00   0.386971E+03   0.203700E+02  -0.643100E-19  -0.432246E-02  -0.318197E-04  -0.123785E-20  -0.830189E-02  -0.631796E+00
144   0.609771E+00   0.391802E+03   0.204098E+02   0.193224E-18  -0.447939E-02  -0.326870E-04   0.185963E-21  -0.818621E-02  -0.624327E+00
145   0.617317E+00   0.396651E+03   0.204492E+02  -0.961939E-18  -0.463469E-02  -0.310454E-04   0.101138E-19  -0.806746E-02  -0.616896E+00
146   0.624888E+00   0.401515E+03   0.204882E+02  -0.659198E-18  -0.477958E-02  -0.285952E-04   0.425997E-20  -0.794485E-02  -0.609502E+00
147   0.632484E+00   0.406396E+03   0.205267E+02   0.172590E-18  -0.491551E-02  -0.273844E-04  -0.189139E-20  -0.781916E-02  -0.602144E+00
148   0.640105E+00   0.411293E+03   0.205646E+02  -0.545172E-18  -0.504929E-02  -0.273330E-04   0.599645E-20  -0.769152E-02  -0.594822E+00
149   0.647750E+00   0.416205E+03   0.206021E+02   0.183523E-18  -0.518361E-02  -0.273512E-04  -0.198283E-20  -0.756247E-02  -0.587538E+00
150   0.655419E+00   0.421133E+03   0.206390E+02   0.492010E-18  -0.531929E-02  -0.279175E-04   0.548898E-21  -0.743243E-02  -0.580302E+00
151   0.663110E+00   0.426075E+03   0.206754E+02   0.139587E-17  -0.546145E-02  -0.298110E-04   0.356318E-21  -0.730273E-02  -0.573130E+00
152   0.670824E+00   0.431031E+03   0.207113E+02   0.777010E-18  -0.561538E-02  -0.322990E-04   0.881346E-20  -0.717444E-02  -0.566041E+00
153   0.678561E+00   0.436002E+03   0.207467E+02   0.855179E-18  -0.578192E-02  -0.347276E-04   0.397229E-20  -0.704727E-02  -0.559051E+00
154   0.686318E+00   0.440987E+03   0.207815E+02   0.536594E-18  -0.596236E-02  -0.379086E-04   0.314539E-20  -0.692078E-02  -0.552168E+00
155   0.694097E+00   0.445985E+03   0.208158E+02   0.417459E-18  -0.616362E-02  -0.429866E-04  -0.452378E-20  -0.679498E-02  -0.545398E+00
156   0.701896E+00   0.450996E+03   0.208495E+02   0.168905E-18  -0.639599E-02  -0.499896E-04  -0.264603E-20  -0.666974E-02  -0.538742E+00
157   0.709715E+00   0.456020E+03   0.208827E+02  -0.896318E-18  -0.666624E-02  -0.575086E-04   0.290517E-20  -0.654521E-02  -0.532200E+00
158   0.717554E+00   0.461057E+03   0.209153E+02  -0.307931E-18  -0.697239E-02  -0.637346E-04  -0.126554E-20  -0.642140E-02  -0.525770E+00
159   0.725411E+00   0.466106E+03   0.209475E+02   0.143785E-17  -0.730528E-02  -0.677276E-04  -0.757701E-20  -0.629655E-02  -0.519450E+00
160   0.733287E+00   0.471166E+03   0.209790E+02  -0.641017E-18  -0.765264E-02  -0.690627E-04   0.542029E-21  -0.616764E-02  -0.513240E+00
161   0.741181E+00   0.476238E+03   0.210099E+02  -0.120344E-17  -0.799942E-02  -0.670773E-04   0.162002E-20  -0.603280E-02  -0.507145E+00
162   0.749092E+00   0.481322E+03   0.210402E+02  -0.599063E-18  -0.832772E-02  -0.615426E-04   0.218683E-21  -0.589249E-02  -0.501173E+00
163   0.757020E+00   0.486415E+03   0.210699E+02  -0.905764E-18  -0.862101E-02  -0.532594E-04  -0.363940E-20  -0.574839E-02  -0.495332E+00
164   0.764964E+00   0.491520E+03   0.210989E+02  -0.180200E-17  -0.886849E-02  -0.436142E-04   0.565178E-21  -0.560130E-02  -0.489630E+00
165   0.772924E+00   0.496634E+03   0.211271E+02   0.596352E-18  -0.906695E-02  -0.341404E-04  -0.267240E-20  -0.545048E-02  -0.484076E+00
166   0.780899E+00   0.501759E+03   0.211547E+02   0.110163E-17  -0.922007E-02  -0.258303E-04   0.613111E-21  -0.529543E-02  -0.478675E+00
167   0.788888E+00   0.506892E+03   0.211814E+02  -0.144551E-17  -0.933315E-02  -0.182381E-04  -0.381987E-21  -0.513638E-02  -0.473431E+00
168   0.796892E+00   0.512035E+03   0.212074E+02   0.251552E-18  -0.940635E-02  -0.100343E-04   0.849710E-20  -0.497310E-02  -0.468348E+00
169   0.804910E+00   0.517187E+03   0.212326E+02   0.110344E-19  -0.943416E-02  -0.572412E-06  -0.803074E-20  -0.480541E-02  -0.463435E+00
170   0.812940E+00   0.522347E+03   0.212570E+02  -0.887219E-19  -0.941094E-02   0.959532E-05  -0.735069E-20  -0.463402E-02  -0.458698E+00
171   0.820983E+00   0.527514E+03   0.212805E+02  -0.979479E-18  -0.933593E-02   0.192256E-04  -0.122125E-19  -0.445915E-02  -0.454144E+00
172   0.829038E+00   0.532690E+03   0.213031E+02   0.220415E-18  -0.921515E-02   0.270798E-04   0.216271E-20  -0.428012E-02  -0.449775E+00
173   0.837105E+00   0.537873E+03   0.213248E+02  -0.723117E-18  -0.905919E-02   0.327693E-04  -0.487702E-20  -0.409723E-02  -0.445595E+00
174   0.845182E+00   0.543063E+03   0.213456E+02  -0.102876E-17  -0.887817E-02   0.367269E-04  -0.360929E-21  -0.391151E-02  -0.441603E+00
175   0.853270E+00   0.548260E+03   0.213654E+02  -0.375997E-18  -0.868095E-02   0.387656E-04   0.642681E-21  -0.372330E-02  -0.437798E+00
176   0.861367E+00   0.553463E+03   0.213843E+02   0.124078E-17  -0.848041E-02   0.377321E-04   0.404212E-20  -0.353263E-02  -0.434175E+00
177   0.869474E+00   0.558672E+03   0.214022E+02   0.105059E-17  -0.829360E-02   0.336261E-04   0.208666E-20  -0.333950E-02  -0.430730E+00
178   0.877589E+00   0.563886E+03   0.214191E+02   0.899583E-19  -0.813103E-02   0.289054E-04   0.346091E-20  -0.314346E-02  -0.427460E+00
179   0.885713E+00   0.569106E+03   0.214350E+02  -0.857714E-18  -0.798771E-02   0.265735E-04  -0.217474E-20  -0.294470E-02  -0.424368E+00
180   0.893844E+00   0.574331E+03   0.214499E+02   0.174217E-17  -0.784754E-02   0.275677E-04  -0.985939E-21  -0.274455E-02  -0.421460E+00
181   0.901983E+00   0.579560E+03   0.214637E+02  -0.498880E-18  -0.769638E-02   0.303286E-04   0.682571E-20  -0.254383E-02  -0.418746E+00
182   0.910128E+00   0.584794E+03   0.214765E+02   0.456651E-18  -0.753133E-02   0.325032E-04  -0.321237E-20  -0.234192E-02  -0.416235E+00
183   0.918279E+00   0.590031E+03   0.214882E+02  -0.463706E-18  -0.735882E-02   0.331566E-04  -0.312450E-20  -0.213782E-02  -0.413932E+00
184   0.926435E+00   0.595272E+03   0.214989E+02  -0.217629E-17  -0.718505E-02   0.331428E-04  -0.796004E-20  -0.193085E-02  -0.411840E+00
185   0.934597E+00   0.600516E+03   0.215084E+02  -0.120365E-18  -0.701121E-02   0.331383E-04  -0.704991E-20  -0.172108E-02  -0.409962E+00
186   0.942763E+00   0.605763E+03   0.215169E+02  -0.167650E-17  -0.683841E-02   0.325638E-04  -0.316699E-20  -0.150898E-02  -0.408299E+00
187   0.950932E+00   0.611012E+03   0.215243E+02  -0.273139E-18  -0.667141E-02   0.308779E-04  -0.484388E-20  -0.129465E-02  -0.406850E+00
188   0.959105E+00   0.616263E+03   0.215305E+02   0.181959E-17  -0.651590E-02   0.281881E-04  -0.307618E-20  -0.107832E-02  -0.405614E+00
189   0.967281E+00   0.621517E+03   0.215356E+02  -0.196999E-18  -0.637738E-02   0.243092E-04  -0.132580E-20  -0.861304E-03  -0.404589E+00
190   0.975459E+00   0.626771E+03   0.215396E+02  -0.237973E-17  -0.626314E-02   0.189373E-04  -0.436628E-20  -0.644745E-03  -0.403780E+00
191   0.983638E+00   0.632027E+03   0.215424E+02   0.434827E-18  -0.618005E-02   0.126050E-04   0.615878E-21  -0.428757E-03  -0.403194E+00
192   0.991819E+00   0.637283E+03   0.215441E+02  -0.417717E-18  -0.613073E-02   0.619588E-05  -0.178893E-21  -0.213744E-03  -0.402839E+00
193   0.100000E+01   0.642540E+03   0.215446E+02   0.000000E+00  -0.611451E-02   0.000000E+00  -0.597569E-20   0.000000E+00  -0.402720E+00