/*--------------------------------*- C++ -*----------------------------------*\
| =========                 |                                                 |
| \\      /  F ield         | OpenFOAM: The Open Source CFD Toolbox           |
|  \\    /   O peration     | Version:  v1906                                 |
|   \\  /    A nd           | Web:      www.OpenFOAM.com                      |
|    \\/     M anipulation  |                                                 |
\*---------------------------------------------------------------------------*/
FoamFile
{
    version     2.0;
    format      ascii;
    class       volScalarField;
    location    "1800";
    object      alpha_b;
}
// * * * * * * * * * * * * * * * * * * * * * * * * * * * * * * * * * * * * * //

dimensions      [0 0 0 0 0 0 0];


internalField   nonuniform List<scalar> 
344
(
0.416574
0.416729
0.416762
0.416896
0.416952
0.41707
0.417144
0.417251
0.417338
0.41744
0.417535
0.417636
0.417736
0.417839
0.417943
0.418048
0.418156
0.418265
0.418375
0.418488
0.418602
0.418718
0.418837
0.418957
0.41908
0.419205
0.419333
0.419463
0.419596
0.419731
0.41987
0.420011
0.420156
0.420304
0.420456
0.420612
0.420771
0.420935
0.421104
0.421278
0.421457
0.421641
0.421832
0.422029
0.422234
0.422449
0.422677
0.422918
0.423173
0.423442
0.423725
0.424019
0.424326
0.424647
0.424983
0.425335
0.425704
0.426093
0.426502
0.426934
0.427391
0.427877
0.428395
0.428948
0.429541
0.430181
0.430875
0.431632
0.432464
0.433386
0.434418
0.43559
0.436942
0.438538
0.440475
0.442939
0.446321
0.451219
0.475103
0.876455
0.998007
0.999992
1
1
1
1
1
1
1
1
1
1
1
1
1
1
1
1
1
1
1
1
1
1
1
1
1
1
1
1
1
1
1
1
1
1
1
1
1
1
1
1
1
1
1
1
1
1
1
1
1
1
1
1
1
1
1
1
1
1
1
1
1
1
1
1
1
1
1
1
1
1
1
1
1
1
1
1
1
1
1
1
1
1
1
1
1
1
1
1
1
1
1
1
1
1
1
1
1
1
1
1
1
1
1
1
1
1
1
1
1
1
1
1
1
1
1
1
1
1
1
1
1
1
1
1
1
1
1
1
1
1
1
1
1
1
1
1
1
1
1
1
1
1
1
1
1
1
1
1
1
1
1
1
1
1
1
1
1
1
1
1
1
1
1
1
1
1
1
1
1
1
1
1
1
1
1
1
1
1
1
1
1
1
1
1
1
1
1
1
1
1
1
1
1
1
1
1
1
1
1
1
1
1
1
1
1
1
1
1
1
1
1
1
1
1
1
1
1
1
1
1
1
1
1
1
1
1
1
1
1
1
1
1
1
1
1
1
1
1
1
1
1
1
1
1
1
1
1
1
1
1
1
1
1
1
1
1
1
1
1
1
1
1
)
;

boundaryField
{
    inlet
    {
        type            cyclic;
    }
    outlet
    {
        type            cyclic;
    }
    top
    {
        type            calculated;
        value           uniform 1;
    }
    bottom
    {
        type            calculated;
        value           uniform 0.416574;
    }
    frontAndBackPlanes
    {
        type            empty;
    }
}


// ************************************************************************* //
