(
(-0.1 0)
(-0.099 0)
(-0.098 0)
(-0.097 0)
(-0.096 0)
(-0.095 0)
(-0.094 0)
(-0.093 0)
(-0.092 0)
(-0.091 0)
(-0.09 0)
(-0.089 0)
(-0.088 0)
(-0.087 0)
(-0.086 0)
(-0.085 0)
(-0.084 0)
(-0.083 0)
(-0.082 0)
(-0.081 0)
(-0.08 0)
(-0.079 0)
(-0.078 0)
(-0.077 0)
(-0.076 0)
(-0.075 0)
(-0.074 0)
(-0.073 0)
(-0.072 0)
(-0.071 0)
(-0.07 0)
(-0.069 0)
(-0.068 0)
(-0.067 0)
(-0.066 0)
(-0.065 0)
(-0.064 0)
(-0.063 0)
(-0.062 0)
(-0.061 0)
(-0.06 0)
(-0.059 0)
(-0.058 0)
(-0.057 0)
(-0.056 0)
(-0.055 0)
(-0.054 0)
(-0.053 0)
(-0.052 0)
(-0.051 0)
(-0.05 0)
(-0.049 0)
(-0.048 0)
(-0.047 0)
(-0.046 0)
(-0.045 0)
(-0.044 0)
(-0.043 0)
(-0.042 0)
(-0.041 0)
(-0.04 0)
(-0.039 0)
(-0.038 0)
(-0.037 0)
(-0.036 0)
(-0.035 0)
(-0.034 0)
(-0.033 0)
(-0.032 0)
(-0.031 0)
(-0.03 0)
(-0.029 0)
(-0.028 0)
(-0.027 0)
(-0.026 0)
(-0.025 0.0126798891929)
(-0.024 0.037933820383)
(-0.023 0.0447439084272)
(-0.022 0.0488456373611)
(-0.021 0.0517901433003)
(-0.02 0.0540887259785)
(-0.019 0.0559744095478)
(-0.018 0.0575731860443)
(-0.017 0.0589609415096)
(-0.016 0.0601869412639)
(-0.015 0.0612849877093)
(-0.014 0.062279282874)
(-0.013 0.0631877515731)
(-0.012 0.0640240405138)
(-0.011 0.0647987799408)
(-0.01 0.0655204119621)
(-0.009 0.0661957527246)
(-0.008 0.0668303848928)
(-0.007 0.0674289384148)
(-0.006 0.0679952956863)
(-0.005 0.0685327442978)
(-0.004 0.0690440926571)
(-0.003 0.0695317588152)
(-0.002 0.0699978396173)
(-0.001 0.07044416519)
(0.0 0.0708723423421)
(0.001 0.0712837894827)
(0.002 0.0716797649698)
(0.003 0.0720613903202)
(0.004 0.0724296693579)
(0.005 0.0727855041275)
(0.006 0.0731297082046)
(0.007 0.0734630178994)
(0.008 0.0737861017414)
(0.009 0.0740995685512)
(0.01 0.0744039743464)
(0.011 0.074699828276)
(0.012 0.0749875977449)
(0.013 0.0752677128558)
(0.014 0.0755405702758)
(0.015 0.0758065366151)
(0.016 0.0760659513885)
(0.017 0.0763191296218)
(0.018 0.0765663641516)
(0.019 0.0768079276616)
(0.02 0.0770440744904)
(0.021 0.0772750422408)
(0.022 0.0775010532172)
(0.023 0.0777223157107)
(0.024 0.0779390251534)
(0.025 0.078151365155)
(0.026 0.078359508438)
(0.027 0.0785636176814)
(0.028 0.0787638462849)
(0.029 0.0789603390613)
(0.03 0.0791532328659)
(0.031 0.0793426571686)
(0.032 0.0795287345765)
(0.033 0.0797115813102)
(0.034 0.0798913076396)
(0.035 0.0800680182839)
(0.036 0.0802418127775)
(0.037 0.080412785807)
(0.038 0.0805810275208)
(0.039 0.0807466238148)
(0.04 0.0809096565955)
(0.041 0.0810702040233)
(0.042 0.0812283407379)
(0.043 0.0813841380659)
(0.044 0.0815376642149)
(0.045 0.0816889844519)
(0.046 0.0818381612707)
(0.047 0.081985254546)
(0.048 0.0821303216787)
(0.049 0.0822734177295)
(0.05 0.0824145955449)
(0.051 0.082553905874)
(0.052 0.0826913974784)
(0.053 0.0828271172344)
(0.054 0.082961110229)
(0.055 0.0830934198501)
(0.056 0.0832240878701)
(0.057 0.0833531545261)
(0.058 0.0834806585933)
(0.059 0.0836066374557)
(0.06 0.0837311271714)
(0.061 0.0838541625346)
(0.062 0.0839757771345)
(0.063 0.0840960034094)
(0.064 0.0842148726998)
(0.065 0.0843324152962)
(0.066 0.0844486604865)
(0.067 0.0845636365991)
(0.068 0.0846773710448)
(0.069 0.0847898903556)
(0.07 0.0849012202223)
(0.071 0.0850113855293)
(0.072 0.0851204103882)
(0.073 0.0852283181695)
(0.074 0.0853351315325)
(0.075 0.0854408724541)
(0.076 0.0855455622556)
(0.077 0.0856492216291)
(0.078 0.0857518706611)
(0.079 0.085853528857)
(0.08 0.0859542151623)
(0.081 0.0860539479844)
(0.082 0.0861527452129)
(0.083 0.0862506242382)
(0.084 0.0863476019705)
(0.085 0.0864436948572)
(0.086 0.0865389188994)
(0.087 0.0866332896681)
(0.088 0.0867268223194)
(0.089 0.0868195316092)
(0.09 0.0869114319072)
(0.091 0.0870025372099)
(0.092 0.0870928611539)
(0.093 0.0871824170279)
(0.094 0.0872712177843)
(0.095 0.0873592760508)
(0.096 0.0874466041408)
(0.097 0.0875332140641)
(0.098 0.0876191175364)
(0.099 0.0877043259893)
(0.1 0.0877888505787)
(0.101 0.0878727021946)
(0.102 0.0879558914685)
(0.103 0.0880384287821)
(0.104 0.088120324275)
(0.105 0.0882015878519)
(0.106 0.0882822291902)
(0.107 0.0883622577464)
(0.108 0.0884416827632)
(0.109 0.0885205132758)
(0.11 0.088598758118)
(0.111 0.0886764259281)
(0.112 0.0887535251547)
(0.113 0.0888300640622)
(0.114 0.0889060507361)
(0.115 0.0889814930882)
(0.116 0.0890563988614)
(0.117 0.0891307756346)
(0.118 0.0892046308273)
(0.119 0.0892779717039)
(0.12 0.0893508053781)
(0.121 0.0894231388171)
(0.122 0.0894949788455)
(0.123 0.089566332149)
(0.124 0.0896372052786)
(0.125 0.0897076046538)
(0.126 0.0897775365663)
(0.127 0.0898470071831)
(0.128 0.0899160225501)
(0.129 0.0899845885951)
(0.13 0.0900527111309)
(0.131 0.0901203958582)
(0.132 0.0901876483685)
(0.133 0.0902544741467)
(0.134 0.0903208785742)
(0.135 0.0903868669312)
(0.136 0.0904524443991)
(0.137 0.0905176160633)
(0.138 0.0905823869151)
(0.139 0.0906467618546)
(0.14 0.0907107456925)
(0.141 0.0907743431522)
(0.142 0.0908375588721)
(0.143 0.0909003974077)
(0.144 0.0909628632332)
(0.145 0.091024960744)
(0.146 0.0910866942579)
(0.147 0.0911480680174)
(0.148 0.091209086191)
(0.149 0.0912697528756)
(0.15 0.0913300720973)
(0.151 0.0913900478136)
(0.152 0.0914496839147)
(0.153 0.0915089842252)
(0.154 0.0915679525053)
(0.155 0.0916265924526)
(0.156 0.091684907703)
(0.157 0.0917429018325)
(0.158 0.0918005783585)
(0.159 0.0918579407406)
(0.16 0.0919149923824)
(0.161 0.0919717366323)
(0.162 0.0920281767852)
(0.163 0.0920843160829)
(0.164 0.092140157716)
(0.165 0.0921957048243)
(0.166 0.0922509604983)
(0.167 0.0923059277803)
(0.168 0.0923606096649)
(0.169 0.0924150091005)
(0.17 0.09246912899)
(0.171 0.0925229721917)
(0.172 0.0925765415204)
(0.173 0.0926298397481)
(0.174 0.0926828696049)
(0.175 0.09273563378)
(0.176 0.0927881349222)
(0.177 0.092840375641)
(0.178 0.0928923585073)
(0.179 0.0929440860539)
(0.18 0.0929955607767)
(0.181 0.093046785135)
(0.182 0.0930977615526)
(0.183 0.0931484924182)
(0.184 0.0931989800859)
(0.185 0.0932492268764)
(0.186 0.0932992350773)
(0.187 0.0933490069436)
(0.188 0.0933985446987)
(0.189 0.0934478505347)
(0.19 0.0934969266128)
(0.191 0.0935457750646)
(0.192 0.0935943979917)
(0.193 0.0936427974672)
(0.194 0.0936909755353)
(0.195 0.0937389342125)
(0.196 0.0937866754879)
(0.197 0.0938342013236)
(0.198 0.0938815136552)
(0.199 0.0939286143926)
(0.2 0.0939755054198)
(0.201 0.094022188596)
(0.202 0.0940686657558)
(0.203 0.0941149387095)
(0.204 0.0941610092437)
(0.205 0.0942068791216)
)