(
(-0.029928125 0.595792)
(-0.029784375000000002 0.595746)
(-0.029640625 0.595745)
(-0.029496875 0.5957)
(-0.029353125 0.595689)
(-0.029209375000000003 0.595652)
(-0.029065624999999998 0.595633)
(-0.028921875 0.595602)
(-0.028778125 0.595577)
(-0.028634375 0.59555)
(-0.028490625 0.595523)
(-0.028346875 0.595496)
(-0.028203125000000002 0.595468)
(-0.028059374999999998 0.595441)
(-0.027915625 0.595412)
(-0.027771875 0.595385)
(-0.027628125 0.595356)
(-0.027484375 0.595329)
(-0.027340625 0.595299)
(-0.027196875000000002 0.595271)
(-0.027053124999999997 0.595241)
(-0.026909375 0.595213)
(-0.026765625 0.595182)
(-0.026621875 0.595153)
(-0.026478124999999998 0.595122)
(-0.026334375 0.595093)
(-0.026190625000000002 0.595062)
(-0.026046875 0.595032)
(-0.025903125 0.595)
(-0.025759375 0.594969)
(-0.025615625 0.594937)
(-0.025471874999999998 0.594906)
(-0.025328125 0.594873)
(-0.025184375000000002 0.594842)
(-0.025040625 0.594808)
(-0.024896875 0.594776)
(-0.024753125 0.594742)
(-0.024609375 0.594709)
(-0.024465624999999998 0.594675)
(-0.024321875 0.594641)
(-0.024178125 0.594607)
(-0.024034375 0.594572)
(-0.023890625 0.594537)
(-0.023746875 0.594502)
(-0.023603125000000003 0.594466)
(-0.023459374999999998 0.59443)
(-0.023315625 0.594394)
(-0.023171875 0.594357)
(-0.023028125 0.59432)
(-0.022884375 0.594283)
(-0.022740625 0.594245)
(-0.022596875000000002 0.594207)
(-0.022453124999999997 0.594169)
(-0.022309375 0.594129)
(-0.022165625 0.594091)
(-0.022021875 0.59405)
(-0.021878125 0.594011)
(-0.021734375 0.59397)
(-0.021590625000000002 0.59393)
(-0.021446875 0.593887)
(-0.021303125 0.593846)
(-0.021159375 0.593803)
(-0.021015625 0.593761)
(-0.020871874999999998 0.593717)
(-0.020728125 0.593674)
(-0.020584375000000002 0.593629)
(-0.020440625 0.593586)
(-0.020296875 0.593539)
(-0.020153125 0.593495)
(-0.020009375 0.593447)
(-0.019865624999999998 0.593402)
(-0.019721875 0.593352)
(-0.019578125000000002 0.593307)
(-0.019434375 0.593255)
(-0.019290625 0.593209)
(-0.019146875 0.593157)
(-0.019003125000000003 0.593108)
(-0.018859374999999998 0.593055)
(-0.018715625 0.593005)
(-0.018571875 0.592952)
(-0.018428125 0.592898)
(-0.018284375 0.592846)
(-0.018140625 0.592788)
(-0.017996875000000002 0.592737)
(-0.017853124999999997 0.592676)
(-0.017709375 0.592623)
(-0.017565625 0.592562)
(-0.017421875 0.592506)
(-0.017278125 0.592445)
(-0.017134375 0.592385)
(-0.016990625000000002 0.592323)
(-0.016846875 0.592262)
(-0.016703125 0.592196)
(-0.016559375 0.592135)
(-0.016415625 0.592066)
(-0.016271874999999998 0.592002)
(-0.016128125 0.591933)
(-0.015984375000000002 0.591864)
(-0.015840625 0.591795)
(-0.015696875 0.591722)
(-0.015553125000000001 0.591651)
(-0.015409375 0.591577)
(-0.015265625000000001 0.591501)
(-0.015121875 0.591425)
(-0.014978124999999998 0.591346)
(-0.014834375 0.591267)
(-0.014690624999999999 0.591185)
(-0.014546875 0.591103)
(-0.014403125 0.591016)
(-0.014259375000000001 0.590935)
(-0.014115625 0.590836)
(-0.013971875 0.590761)
(-0.013828125 0.590649)
(-0.013684374999999999 0.590575)
(-0.013540625 0.59046)
(-0.013396874999999999 0.590374)
(-0.013253125000000001 0.590265)
(-0.013109375 0.590164)
(-0.012965625000000001 0.590055)
(-0.012821875 0.589947)
(-0.012678124999999998 0.589833)
(-0.012534375 0.589715)
(-0.012390624999999999 0.589601)
(-0.012246875 0.58947)
(-0.012103125 0.589351)
(-0.011959375000000001 0.589215)
(-0.011815625 0.589081)
(-0.011671875 0.588943)
(-0.011528125 0.588794)
(-0.011384374999999999 0.58865)
(-0.011240625 0.588487)
(-0.011096874999999999 0.58833)
(-0.010953125000000001 0.588161)
(-0.010809375 0.58798)
(-0.010665625000000001 0.587805)
(-0.010521875 0.587602)
(-0.010378124999999998 0.587405)
(-0.010234375 0.587192)
(-0.010090624999999999 0.58696)
(-0.009946875 0.586725)
(-0.009803125 0.586469)
(-0.009659375000000001 0.586189)
(-0.009515625 0.585901)
(-0.009371875 0.585569)
(-0.009228125 0.585237)
(-0.009084374999999999 0.584817)
(-0.008940625 0.584411)
(-0.008796875 0.583911)
(-0.008653125000000001 0.583341)
(-0.008509375 0.582504)
(-0.008365625000000002 0.581912)
(-0.008221875 0.581342)
(-0.008078124999999999 0.579566)
(-0.007934375 0.57974)
(-0.007790625 0.0328305)
(-0.007646875 3.2425e-11)
(-0.007503125 0.0)
(-0.007359375 0.0)
(-0.007215625 0.0)
(-0.007071875 0.0)
)
